x,y,N
-23.199969,-19.999926,168
-23.199947,-19.200059,168
-23.199911,-18.400069,168
-23.199902,-17.600094,168
-23.199959,-16.799951,168
-23.199969,-15.999962,168
-23.200086,-15.200021,168
-22.399995,-19.999929,168
-22.400069,-19.200003,168
-22.400087,-18.400054,168
-22.399905,-17.599937,168
-22.399942,-16.799982,168
-22.400075,-15.999922,168
-22.39994,-15.200072,168
-22.400002,-14.400084,168
-22.399944,-13.600027,168
-22.399982,-12.799979,160
-22.39993,-12.000059,160
-22.399925,-11.200055,162
-22.399974,-10.399932,162
-22.400045,-9.6000553,162
-22.400099,-8.7999253,162
-22.400037,-8.0000297,162
-22.399914,-7.1999251,162
-22.39992,-6.4000416,162
-21.59996,-19.999955,168
-21.599935,-19.200007,168
-21.599909,-18.400013,168
-21.599931,-17.599953,168
-21.600054,-16.799977,168
-21.599943,-16.000049,168
-21.599942,-15.199985,168
-21.599906,-14.400097,168
-21.600065,-13.599962,160
-21.599994,-12.800075,160
-21.600001,-12.00006,160
-21.599931,-11.200004,162
-21.599989,-10.40002,162
-21.600029,-9.5999321,162
-21.59992,-8.7999947,162
-21.599957,-8.0000269,162
-21.600003,-7.1999829,162
-21.600081,-6.3999031,162
-21.6,-5.600099,162
-21.59997,-4.7999671,169
-21.599912,-4.0000866,169
-21.599935,-3.2000351,169
-21.599966,-2.3999436,169
-21.600063,-1.6000564,169
-21.600082,-0.799989,169
-21.599926,-6.6895103e-5,169
-21.599961,0.80005611,185
-21.600041,1.599927,185
-21.599917,2.4000654,185
-20.800022,-19.99996,168
-20.800013,-19.200032,168
-20.79994,-18.400049,168
-20.799934,-17.599922,168
-20.80005,-16.800025,168
-20.800013,-16.000052,168
-20.80007,-15.199961,168
-20.799919,-14.400016,168
-20.799958,-13.599974,160
-20.799903,-12.800079,160
-20.799929,-12.000074,160
-20.799941,-11.199933,160
-20.800015,-10.399944,162
-20.799917,-9.5999017,162
-20.800077,-8.7999352,162
-20.800088,-8.0000569,162
-20.799963,-7.2000561,162
-20.800032,-6.3999279,162
-20.799919,-5.6000973,162
-20.800097,-4.7999005,169
-20.799983,-4.0000904,169
-20.799962,-3.2000342,169
-20.800047,-2.3999139,169
-20.800024,-1.5999611,169
-20.799949,-0.79995697,169
-20.800085,-1.7650682e-5,169
-20.799958,0.79992758,185
-20.79991,1.6000143,185
-20.799937,2.4000793,185
-20.800049,3.2000164,185
-20.800028,3.9999525,185
-20.800029,4.7999495,185
-20.799921,5.5999318,267
-20.799998,6.4000174,267
-20.800085,7.2000944,267
-20.800056,7.9999188,267
-20.799921,8.8000224,267
-20.79995,9.5999908,267
-20.799999,10.399946,337
-20.799932,11.200019,337
-20.000072,-20.000045,168
-19.999944,-19.200004,168
-20.000002,-18.399998,168
-19.999993,-17.600013,168
-19.99998,-16.800096,168
-20.000058,-15.999955,168
-19.999989,-15.199918,168
-19.999921,-14.40009,160
-19.999994,-13.599904,160
-20.000053,-12.799987,160
-19.999962,-12.000097,160
-20.000096,-11.200023,160
-20.000022,-10.400072,162
-19.999943,-9.6000757,162
-19.999982,-8.7999182,162
-20.000081,-7.9999186,162
-19.999931,-7.1999704,162
-19.999943,-6.4000839,162
-20.000045,-5.6000613,162
-19.999943,-4.7999274,169
-19.999981,-3.9999855,169
-19.999916,-3.1999161,169
-20.00003,-2.400007,169
-19.999925,-1.6000099,169
-19.99992,-0.79997538,169
-20.000094,-3.935516e-7,169
-19.999901,0.80006735,185
-19.999971,1.5999079,185
-19.999951,2.399902,185
-20.000023,3.2000207,185
-20.000062,4.0000525,185
-19.999946,4.8000027,185
-19.999919,5.5999797,267
-19.999999,6.3999779,267
-19.999908,7.2000112,267
-20.000069,7.9999006,267
-20.000055,8.7999028,267
-19.999972,9.6000171,267
-20.000056,10.399986,337
-19.999924,11.199945,337
-19.99992,12.000045,337
-20.000067,12.800059,337
-20.00004,13.600053,337
-19.999997,14.399967,337
-20.000012,15.200025,355
-19.999919,16.000026,355
-19.999951,16.80003,355
-20.000035,17.600032,355
-20.000025,18.399936,355
-20.000055,19.199941,355
-19.19999,-19.999936,168
-19.20008,-19.200047,168
-19.200041,-18.400014,168
-19.200059,-17.599935,168
-19.200092,-16.800058,168
-19.199908,-16.000067,168
-19.199959,-15.200083,168
-19.200092,-14.399932,160
-19.200022,-13.599973,160
-19.200065,-12.800003,160
-19.200034,-11.999941,160
-19.200077,-11.199952,160
-19.200022,-10.400035,162
-19.20004,-9.5999633,162
-19.199994,-8.7999798,162
-19.20005,-7.9999424,162
-19.200051,-7.200037,162
-19.200011,-6.4000243,162
-19.199981,-5.6000955,162
-19.199908,-4.7999081,169
-19.199906,-4.0000778,169
-19.199924,-3.1999642,169
-19.199975,-2.400005,169
-19.200046,-1.6000202,169
-19.199972,-0.79992406,169
-19.200033,-4.5285033e-5,169
-19.199923,0.79997775,185
-19.200087,1.6000009,185
-19.199995,2.4000359,185
-19.200052,3.1999642,185
-19.199907,4.0000237,185
-19.200024,4.7999364,185
-19.199957,5.5999231,267
-19.199945,6.4000479,267
-19.200018,7.1999196,267
-19.200069,7.9999916,267
-19.200033,8.7999869,267
-19.200004,9.5999283,267
-19.199961,10.400057,337
-19.199983,11.199963,337
-19.199965,12.000026,337
-19.199961,12.800091,337
-19.199913,13.600073,337
-19.200036,14.400096,337
-19.200025,15.19996,355
-19.200055,15.999965,355
-19.199954,16.799938,355
-19.200052,17.600036,355
-19.199971,18.400031,355
-19.200015,19.199989,355
-19.200009,19.999962,355
-19.19993,20.800087,355
-18.400021,-20.000051,168
-18.400032,-19.200053,168
-18.399903,-18.399909,168
-18.400077,-17.600094,168
-18.399975,-16.800088,168
-18.399904,-15.999961,168
-18.400084,-15.200055,160
-18.400011,-14.399991,160
-18.399946,-13.600062,160
-18.399975,-12.800099,160
-18.399938,-11.999907,160
-18.400009,-11.200038,160
-18.400017,-10.399953,160
-18.400004,-9.6000928,162
-18.399969,-8.8000433,162
-18.399904,-7.9999403,162
-18.400035,-7.1999257,162
-18.399968,-6.3999932,162
-18.400052,-5.6000206,161
-18.399969,-4.8000313,161
-18.399997,-3.9999153,161
-18.400022,-3.1999723,169
-18.400083,-2.4000547,169
-18.399978,-1.600078,169
-18.400032,-0.79999212,167
-18.399912,-6.992928e-5,167
-18.399994,0.80000648,185
-18.400013,1.6000782,185
-18.400045,2.3999015,185
-18.400097,3.2000933,185
-18.4001,3.9999397,185
-18.399912,4.8000118,185
-18.400045,5.6000875,267
-18.400033,6.3999834,267
-18.399962,7.2000946,267
-18.399961,7.9999633,267
-18.399999,8.8000699,267
-18.40003,9.6000417,267
-18.399903,10.399977,337
-18.400051,11.200099,337
-18.400017,12.000017,337
-18.400013,12.800094,337
-18.399918,13.599988,337
-18.400044,14.400001,337
-18.400078,15.199956,355
-18.399933,15.999907,355
-18.39997,16.800027,355
-18.400064,17.60001,355
-18.400081,18.400062,355
-18.399913,19.199981,355
-18.400044,20.000041,355
-18.400018,20.800032,355
-17.599927,-19.999943,168
-17.599921,-19.199905,168
-17.6,-18.400085,168
-17.59993,-17.600099,168
-17.599922,-16.800011,168
-17.600087,-16.000081,168
-17.59997,-15.200052,160
-17.60004,-14.399932,160
-17.599988,-13.600078,160
-17.600074,-12.800086,160
-17.599932,-11.999946,160
-17.600032,-11.199977,160
-17.600067,-10.400067,160
-17.600033,-9.6000102,162
-17.599955,-8.8000051,162
-17.600068,-8.0000437,162
-17.599979,-7.2000294,162
-17.59998,-6.4000942,161
-17.599911,-5.6000463,161
-17.599958,-4.8000642,161
-17.599927,-3.9999431,161
-17.600077,-3.1999769,161
-17.600027,-2.4000298,167
-17.600024,-1.6000579,167
-17.600086,-0.79997103,167
-17.60005,3.9756858e-5,167
-17.600068,0.79990043,175
-17.599973,1.6000278,175
-17.600021,2.4000813,175
-17.600012,3.2000016,175
-17.600027,3.9999975,175
-17.599907,4.8000161,187
-17.600022,5.600068,187
-17.600018,6.3999423,187
-17.599924,7.1999417,267
-17.600059,8.0000871,267
-17.600025,8.7999306,267
-17.599991,9.5999715,268
-17.599967,10.39994,337
-17.600036,11.200029,337
-17.600073,11.999924,337
-17.599906,12.800023,337
-17.599957,13.599945,337
-17.6001,14.400016,337
-17.600039,15.199948,355
-17.600025,16.000063,355
-17.599977,16.799927,355
-17.600069,17.59993,355
-17.600008,18.399986,355
-17.600022,19.200027,355
-17.599967,20.00005,355
-17.600041,20.800009,355
-16.799945,-20.000006,159
-16.799931,-19.19996,159
-16.800047,-18.399943,159
-16.799935,-17.599964,159
-16.799913,-16.800057,168
-16.800077,-15.999949,168
-16.800028,-15.200021,160
-16.800006,-14.399908,160
-16.800092,-13.600046,160
-16.800022,-12.800063,160
-16.799949,-12.000017,160
-16.800024,-11.200002,160
-16.800055,-10.399911,160
-16.799959,-9.5999007,154
-16.799918,-8.8000456,154
-16.800083,-8.0000781,154
-16.799933,-7.1999438,161
-16.799982,-6.4000569,161
-16.799947,-5.6000179,161
-16.800095,-4.7999253,161
-16.800022,-3.9999379,161
-16.799918,-3.1999187,161
-16.80006,-2.3999094,167
-16.799982,-1.5999552,167
-16.800035,-0.79996687,167
-16.800012,8.921176e-5,167
-16.799929,0.7999461,175
-16.800094,1.6000085,175
-16.800054,2.4000348,175
-16.799901,3.2000366,175
-16.799978,4.0000787,175
-16.800007,4.7999479,187
-16.800028,5.6000812,187
-16.800083,6.4000651,187
-16.800027,7.2000314,187
-16.800008,7.9999972,268
-16.799964,8.8000254,268
-16.79993,9.5999042,268
-16.800099,10.400015,268
-16.800082,11.200065,334
-16.799908,12.00009,334
-16.80009,12.800056,334
-16.799931,13.599989,334
-16.799918,14.399936,334
-16.800017,15.19995,355
-16.799908,16.000049,355
-16.799943,16.800072,355
-16.800065,17.600053,355
-16.799961,18.400074,355
-16.800044,19.200038,355
-16.799961,20.000073,355
-16.799922,20.800046,355
-15.999917,-20.799988,159
-15.999969,-19.999934,159
-15.999975,-19.200022,159
-15.999921,-18.400045,159
-15.999987,-17.600001,159
-15.99994,-16.800031,159
-15.99995,-15.999966,159
-15.999913,-15.200052,160
-15.999989,-14.400079,160
-15.999919,-13.600088,160
-16.000096,-12.800054,160
-16.000087,-12.000056,160
-16.000031,-11.200038,160
-15.999908,-10.400095,154
-15.999956,-9.5999262,154
-16.00009,-8.8000877,154
-15.999971,-8.0000553,154
-16.000068,-7.200065,154
-16.000073,-6.3999128,161
-16.000025,-5.5999002,161
-15.999994,-4.7999699,161
-15.999953,-4.0000928,161
-15.999934,-3.2000892,161
-16.000015,-2.3999134,167
-16.000021,-1.6000591,167
-16.000052,-0.79998646,167
-15.999953,-9.3426406e-6,167
-16.000069,0.80001915,175
-15.999929,1.5999548,175
-15.999936,2.3999971,175
-15.999937,3.199956,175
-16.000032,4.0000317,175
-16.000046,4.7999049,187
-15.999958,5.6000592,187
-16.00001,6.40007,187
-15.999961,7.2000352,187
-15.999997,7.9999266,268
-15.999944,8.7999379,268
-16.000043,9.5999344,268
-16.000021,10.400019,268
-16.000027,11.200026,334
-16.000073,12.000036,334
-16.000081,12.799976,334
-16.000085,13.600024,334
-16.000081,14.400031,334
-15.999967,15.199922,355
-16.00002,16.000054,355
-15.999994,16.800088,355
-15.999998,17.599961,355
-16.000049,18.400019,355
-15.999919,19.199987,355
-16.000056,19.999998,355
-15.999944,20.799942,355
-15.199913,-20.799962,159
-15.200069,-19.999942,159
-15.200014,-19.199912,159
-15.19993,-18.400068,159
-15.200045,-17.599992,159
-15.199972,-16.799945,159
-15.199936,-15.999999,159
-15.200099,-15.200031,159
-15.200073,-14.399947,160
-15.199906,-13.600088,160
-15.199979,-12.799962,160
-15.200039,-11.999971,160
-15.200092,-11.199941,154
-15.200028,-10.400094,154
-15.19999,-9.6000661,154
-15.200046,-8.8000767,154
-15.199959,-8.000009,154
-15.199932,-7.200064,154
-15.199994,-6.3999557,161
-15.199917,-5.6000453,161
-15.200011,-4.7999738,161
-15.199941,-3.9999448,161
-15.200059,-3.1999649,161
-15.199998,-2.4000404,167
-15.199982,-1.5999711,167
-15.199977,-0.8000183,167
-15.199922,-8.694463e-5,164
-15.200047,0.80001541,164
-15.199906,1.60006,175
-15.199927,2.3999874,175
-15.200087,3.2000171,175
-15.199927,4.0000616,173
-15.199915,4.8000537,187
-15.200028,5.6000613,187
-15.200065,6.4000069,187
-15.199903,7.2000847,187
-15.199937,7.9999762,268
-15.199998,8.8000824,268
-15.199993,9.5999457,268
-15.200013,10.399987,268
-15.199992,11.200051,334
-15.199976,11.999994,334
-15.200085,12.799922,334
-15.199942,13.600044,334
-15.200048,14.399915,329
-15.200078,15.200048,329
-15.19996,15.999928,355
-15.199931,16.799938,355
-15.200012,17.599963,355
-15.200025,18.39999,355
-15.200026,19.199959,355
-15.199979,19.999988,355
-15.199988,20.800029,355
-14.400038,-20.799959,159
-14.400029,-19.999915,159
-14.399937,-19.199928,159
-14.399973,-18.40004,159
-14.399946,-17.599993,159
-14.400085,-16.799977,159
-14.399902,-16.000069,159
-14.399929,-15.200057,159
-14.399982,-14.400053,153
-14.399959,-13.59994,153
-14.400021,-12.80006,153
-14.399921,-12.000055,153
-14.399906,-11.199953,154
-14.399953,-10.399934,154
-14.399909,-9.6000488,154
-14.400041,-8.800093,154
-14.399967,-7.9999745,154
-14.399918,-7.2000414,154
-14.400076,-6.4000138,152
-14.399963,-5.6000376,152
-14.400023,-4.7999399,161
-14.399997,-4.0000679,156
-14.400019,-3.2000171,156
-14.399992,-2.3999129,156
-14.399921,-1.5999929,156
-14.399995,-0.80003862,164
-14.400001,1.9849229e-5,164
-14.400052,0.79991988,164
-14.399989,1.599917,164
-14.399915,2.3999089,173
-14.399915,3.1999377,173
-14.400068,3.9999488,173
-14.40007,4.7999299,173
-14.400008,5.5999966,187
-14.399947,6.3999977,187
-14.400005,7.2000972,194
-14.400033,8.000005,194
-14.400079,8.8000225,268
-14.399957,9.6000865,268
-14.399936,10.399941,269
-14.400037,11.200037,269
-14.399984,11.999968,334
-14.400064,12.799981,329
-14.399955,13.599943,329
-14.400041,14.40001,329
-14.400075,15.199934,329
-14.399943,15.999991,329
-14.399914,16.800088,354
-14.400048,17.599906,354
-14.400097,18.399902,354
-14.400066,19.19992,354
-14.400091,20.000048,354
-13.599916,-20.800018,159
-13.59992,-19.999931,159
-13.599918,-19.199995,159
-13.599925,-18.399938,159
-13.599939,-17.599994,159
-13.600061,-16.799958,159
-13.600033,-16.000058,159
-13.600079,-15.200055,153
-13.599959,-14.400013,153
-13.600081,-13.600053,153
-13.599909,-12.799945,153
-13.600021,-11.999958,153
-13.600089,-11.20004,154
-13.600003,-10.40007,154
-13.600009,-9.6000669,154
-13.600088,-8.8000815,154
-13.60002,-7.9999277,154
-13.599989,-7.1999114,152
-13.600056,-6.4000099,152
-13.599902,-5.5999701,152
-13.59991,-4.8000315,152
-13.60004,-3.9999478,156
-13.600044,-3.2000793,156
-13.599918,-2.4000395,156
-13.59999,-1.5999526,156
-13.599965,-0.7999418,164
-13.599907,7.7613593e-5,164
-13.599978,0.79994099,164
-13.599929,1.5999292,164
-13.600069,2.4000659,173
-13.599988,3.1999468,173
-13.599976,3.9999121,173
-13.599952,4.8000123,173
-13.600099,5.6000118,173
-13.600047,6.399907,194
-13.600026,7.2000655,194
-13.599932,8.0000399,194
-13.600037,8.8000601,194
-13.599949,9.6000709,269
-13.600046,10.4001,269
-13.60005,11.199967,269
-13.600046,12.000095,269
-13.599918,12.79991,329
-13.600067,13.600078,329
-13.599905,14.400009,329
-13.600048,15.200019,329
-13.600099,15.999987,335
-13.600069,16.800054,354
-13.600095,17.599978,354
-13.600081,18.400017,354
-13.600087,19.200015,354
-13.599922,19.999946,354
-12.799916,-20.800086,159
-12.79998,-19.999944,159
-12.799984,-19.199995,159
-12.800018,-18.399948,159
-12.800044,-17.600055,159
-12.800006,-16.79991,159
-12.800006,-15.999941,159
-12.799968,-15.200023,153
-12.800061,-14.400007,153
-12.799933,-13.599975,153
-12.799911,-12.800002,153
-12.799962,-11.999909,153
-12.800048,-11.199973,153
-12.800074,-10.400067,154
-12.799925,-9.6000337,154
-12.800065,-8.7999285,154
-12.800098,-8.000009,154
-12.800039,-7.1999094,152
-12.800043,-6.4000604,152
-12.800099,-5.599957,152
-12.800064,-4.8000584,152
-12.800024,-3.9999683,156
-12.799939,-3.1999889,156
-12.800031,-2.3999831,156
-12.800032,-1.5999951,156
-12.800078,-0.79993973,155
-12.799968,-9.9264988e-5,164
-12.80004,0.80003152,164
-12.800054,1.5999549,164
-12.799973,2.399936,173
-12.799984,3.2000911,173
-12.800027,3.9999988,173
-12.800044,4.7999135,173
-12.799996,5.5999293,179
-12.800059,6.3999074,194
-12.799909,7.1999238,194
-12.800053,8.0000847,194
-12.800072,8.8000213,194
-12.800024,9.5999513,269
-12.799903,10.399972,269
-12.799902,11.200097,269
-12.800011,11.999919,269
-12.799951,12.799926,329
-12.799991,13.599941,329
-12.799979,14.400019,329
-12.799924,15.199927,335
-12.800087,15.999944,335
-12.799974,16.799912,335
-12.800063,17.599977,354
-12.799961,18.400053,354
-12.799963,19.199906,354
-12.800096,20.000001,354
-12.000092,-20.799993,159
-11.999973,-19.999998,159
-12.000072,-19.200085,159
-11.999965,-18.399905,159
-11.99994,-17.599927,159
-12.000062,-16.799911,159
-11.999994,-15.999952,159
-11.999996,-15.200027,153
-11.999976,-14.400027,153
-12.000025,-13.599994,153
-12.000052,-12.799969,153
-11.999976,-12.000087,153
-12.000053,-11.199903,153
-11.999907,-10.400035,138
-12.000071,-9.5999056,138
-11.999921,-8.8000654,138
-12.000005,-8.0000214,152
-11.999944,-7.1999843,152
-11.999923,-6.400077,152
-12.000075,-5.5999767,152
-12.000029,-4.7999479,152
-12.000028,-3.9999514,156
-11.999911,-3.1999194,156
-12.000027,-2.3999162,156
-11.999924,-1.599901,155
-12.000002,-0.80008818,155
-12.000021,-3.4306206e-5,155
-12.000095,0.79995386,165
-11.999926,1.5999445,165
-11.99992,2.3999946,165
-11.999948,3.1999359,173
-11.999914,3.9999559,173
-11.999913,4.8000319,179
-12.000091,5.6000596,179
-11.999915,6.3999796,179
-12.000011,7.2000071,194
-12.000031,8.0000517,194
-11.999916,8.8000731,223
-12.00002,9.6000717,223
-11.999951,10.400076,223
-12.000007,11.199913,290
-11.999968,12.00003,290
-12.000086,12.799926,290
-11.999937,13.599972,329
-11.999981,14.399993,335
-11.99994,15.199911,335
-11.999978,16.000005,335
-12.000019,16.800089,335
-12.000038,17.600078,354
-11.999917,18.400019,354
-12.000076,19.199907,354
-11.999921,20.000064,354
-11.199979,-20.799984,159
-11.200021,-20.000052,159
-11.199962,-19.20009,159
-11.200098,-18.399997,159
-11.200013,-17.600004,159
-11.2001,-16.800095,159
-11.20002,-15.999924,159
-11.199998,-15.199989,153
-11.200076,-14.399947,153
-11.200023,-13.600077,153
-11.19992,-12.79991,153
-11.199979,-12.000034,153
-11.199978,-11.20009,138
-11.199924,-10.40002,138
-11.199997,-9.6000837,138
-11.199914,-8.8000984,138
-11.200019,-8.0000936,138
-11.200031,-7.1999372,152
-11.200026,-6.3999175,152
-11.199998,-5.5999719,152
-11.199984,-4.8000446,152
-11.199981,-3.99996,156
-11.200038,-3.1999534,156
-11.199979,-2.4000028,155
-11.200064,-1.5999319,155
-11.199937,-0.80008421,155
-11.200028,-4.3999618e-5,155
-11.199944,0.80009049,165
-11.199925,1.5999887,165
-11.200085,2.4000923,165
-11.200019,3.200048,165
-11.200089,3.9999942,174
-11.20004,4.8000686,179
-11.200044,5.599957,179
-11.199951,6.4000266,179
-11.200024,7.1999649,179
-11.199985,8.0000246,223
-11.199911,8.8000045,223
-11.200093,9.6000977,223
-11.200094,10.400013,223
-11.199942,11.199934,290
-11.199995,12.000053,290
-11.199986,12.799948,290
-11.200085,13.600009,290
-11.200079,14.400092,335
-11.200037,15.200062,335
-11.199998,16.000044,335
-11.19999,16.799935,335
-11.199912,17.59994,354
-11.199913,18.400003,354
-11.199951,19.199935,354
-11.19998,20.000038,354
-10.399934,-20.000014,159
-10.399947,-19.200063,159
-10.400085,-18.399982,159
-10.400071,-17.600064,159
-10.399972,-16.800066,151
-10.399907,-15.999937,151
-10.400035,-15.199956,153
-10.399957,-14.399904,153
-10.400006,-13.600049,153
-10.40009,-12.800036,153
-10.40007,-11.999989,153
-10.400036,-11.200082,138
-10.400085,-10.400017,138
-10.400008,-9.5999672,138
-10.400076,-8.8000569,138
-10.40006,-7.9999812,138
-10.400096,-7.2000176,133
-10.400074,-6.4000282,133
-10.400067,-5.6000042,133
-10.400074,-4.7999958,133
-10.399995,-4.0000403,134
-10.400051,-3.200088,134
-10.399906,-2.3999677,134
-10.400055,-1.5999763,155
-10.399996,-0.8000468,155
-10.400068,9.278395e-5,155
-10.400068,0.79991504,165
-10.399933,1.6000502,165
-10.399911,2.3999442,165
-10.400038,3.1999145,165
-10.400005,3.9999598,174
-10.400078,4.8000231,174
-10.4001,5.6000232,179
-10.399941,6.3999521,179
-10.399971,7.1999932,195
-10.399923,8.0000346,195
-10.400029,8.7999894,223
-10.400086,9.6000044,223
-10.400046,10.400059,223
-10.399976,11.200076,290
-10.399976,12.000053,290
-10.399945,12.799958,290
-10.399997,13.600037,321
-10.400071,14.399935,321
-10.400043,15.199974,335
-10.400011,16.000053,333
-10.399958,16.800033,333
-10.399975,17.600077,333
-10.400032,18.399942,354
-10.399958,19.20007,354
-10.399972,20.000033,354
-9.5999288,-20.000044,159
-9.5999048,-19.199947,151
-9.5999547,-18.400049,151
-9.5999585,-17.599921,151
-9.5999143,-16.799945,151
-9.599992,-15.999923,151
-9.6000299,-15.199932,151
-9.5999024,-14.400011,139
-9.5999354,-13.599957,139
-9.5999694,-12.8001,139
-9.6000522,-11.999902,139
-9.6000365,-11.200064,138
-9.6000886,-10.400048,138
-9.5999545,-9.5999265,138
-9.6000217,-8.8000032,138
-9.5999432,-7.9999629,138
-9.6000058,-7.199936,133
-9.5999128,-6.3999027,133
-9.5999445,-5.6000711,133
-9.599982,-4.7999262,133
-9.5999976,-3.9999228,134
-9.5999407,-3.1999267,134
-9.599906,-2.3999319,134
-9.5999326,-1.6000288,134
-9.5999698,-0.79991504,136
-9.6000073,8.5081505e-5,136
-9.5999608,0.79991559,163
-9.6000283,1.5999081,163
-9.5999934,2.4000108,163
-9.599926,3.1999122,174
-9.6000328,4.0000756,174
-9.5999198,4.7999302,174
-9.6000714,5.5999614,174
-9.6000908,6.4000788,195
-9.6000949,7.200062,195
-9.5999873,7.9999792,195
-9.5999045,8.8000451,242
-9.599996,9.599997,242
-9.5999551,10.400068,242
-9.599945,11.199925,285
-9.5999668,12.00007,285
-9.599915,12.79996,321
-9.599959,13.59996,321
-9.6000312,14.400062,321
-9.6000764,15.200027,333
-9.6000277,16.000047,333
-9.6000068,16.800085,333
-9.6000697,17.599967,333
-9.599937,18.40002,352
-9.6000329,19.200094,352
-9.5999194,19.999903,352
-8.8000614,-19.199975,151
-8.8000965,-18.400088,151
-8.8000081,-17.600094,151
-8.8000869,-16.800063,151
-8.8000621,-16.00001,151
-8.7999083,-15.20008,151
-8.8000511,-14.400061,139
-8.8000902,-13.599945,139
-8.8000577,-12.800048,139
-8.8000269,-11.999935,139
-8.8000147,-11.199988,139
-8.8000973,-10.399984,138
-8.7999553,-9.5999926,138
-8.8000671,-8.7999092,138
-8.8000725,-7.9999081,138
-8.7999642,-7.1999127,133
-8.8000278,-6.4000065,133
-8.7999815,-5.6000803,133
-8.800022,-4.799942,133
-8.8000598,-3.9999407,134
-8.7999719,-3.2000815,134
-8.8000233,-2.3999587,134
-8.7999595,-1.6000989,134
-8.7999705,-0.80000393,136
-8.7999289,4.7171521e-5,136
-8.7999668,0.79997544,163
-8.8000461,1.6000695,163
-8.8000425,2.3999458,163
-8.799931,3.2000071,170
-8.7999302,4.0000164,170
-8.8000609,4.8000862,174
-8.7999628,5.6000178,183
-8.7999021,6.4000523,183
-8.8000728,7.1999695,195
-8.8000735,7.9999603,195
-8.8000319,8.8000429,242
-8.7999877,9.6000582,242
-8.8000502,10.399922,242
-8.8000925,11.199911,285
-8.8000792,12.0,285
-8.7999548,12.800046,321
-8.7999749,13.600082,321
-8.8000626,14.400058,321
-8.8000918,15.200072,333
-8.800059,16.000009,333
-8.7999614,16.799959,333
-8.8000343,17.599988,333
-8.7999544,18.399998,352
-8.799929,19.200042,352
-8.8000146,19.999905,352
-7.9999664,-19.200029,151
-8.0000024,-18.3999,151
-8.0000535,-17.599942,151
-7.9999209,-16.800024,151
-8.0000717,-16.000077,151
-8.0000767,-15.199948,151
-8.0000999,-14.399947,139
-7.9999963,-13.599977,139
-7.999991,-12.799909,139
-8.0000421,-12.000042,139
-8.0000971,-11.200087,139
-7.9999347,-10.399947,123
-7.9999393,-9.5999077,123
-7.9999308,-8.8000258,123
-7.9999639,-8.0000416,123
-8.0000373,-7.1999999,121
-7.9999987,-6.4000683,121
-8.0000355,-5.5999938,121
-7.9999002,-4.8000828,122
-7.9999504,-3.9999378,122
-7.9999137,-3.1999184,134
-7.999968,-2.3999919,134
-7.9999584,-1.6000411,136
-7.999972,-0.79997991,136
-7.999928,9.4233015e-5,136
-7.9999051,0.80005529,136
-7.999944,1.5999953,163
-8.0000698,2.3999996,166
-7.999928,3.2000355,170
-7.9999629,4.0000693,170
-7.9999833,4.8000496,183
-8.000069,5.5999247,183
-8.0000415,6.3999318,183
-7.9999703,7.2000593,203
-7.9999198,8.0000799,203
-8.0000519,8.7999201,203
-8.0000425,9.6000632,263
-8.0000611,10.400048,263
-7.9999208,11.199974,285
-8.0000898,11.999923,285
-8.0000872,12.799949,311
-8.0000008,13.599961,311
-8.0000295,14.399964,311
-7.9999856,15.199986,333
-7.9999084,16.000054,333
-7.9999024,16.80001,333
-8.0000508,17.599934,352
-7.9999524,18.399906,352
-7.999951,19.199933,352
-8.0000824,19.999919,352
-7.200075,-19.199936,151
-7.1999139,-18.399909,151
-7.1999581,-17.600091,151
-7.2000595,-16.800076,151
-7.1999581,-16.000086,151
-7.1999354,-15.199918,151
-7.2000484,-14.399964,139
-7.2000305,-13.599945,139
-7.2000525,-12.799921,139
-7.1999564,-11.999922,139
-7.1999568,-11.199948,139
-7.2000245,-10.400001,123
-7.1999035,-9.6000862,123
-7.200069,-8.7999302,123
-7.2000227,-7.999959,123
-7.2000828,-7.1999442,121
-7.2000524,-6.3999601,121
-7.2000135,-5.5999492,121
-7.1999862,-4.8000094,122
-7.1999824,-4.000028,122
-7.2000621,-3.2000235,122
-7.2000726,-2.400036,112
-7.2000037,-1.6000631,112
-7.2000728,-0.80008904,135
-7.1999454,-1.9384264e-5,135
-7.1999735,0.79995796,135
-7.1999967,1.599994,166
-7.1999864,2.4000525,166
-7.1999911,3.1999739,166
-7.2000119,3.9999494,178
-7.1999217,4.8000831,178
-7.1999916,5.6000111,183
-7.2000835,6.3999008,190
-7.1999713,7.2000369,190
-7.1999631,8.0000623,203
-7.1999373,8.7999931,203
-7.1999579,9.5999556,263
-7.199953,10.400088,263
-7.2000273,11.200067,274
-7.1999401,12.000083,274
-7.1999216,12.800031,311
-7.2000138,13.599957,311
-7.2000831,14.399948,311
-7.2000318,15.19992,330
-7.2000261,16.000009,330
-7.1999196,16.799945,352
-7.2000369,17.600062,352
-7.2000803,18.400053,352
-7.1999796,19.20009,352
-7.2000983,19.99997,352
-6.3999587,-20.800025,157
-6.3999536,-19.999916,151
-6.399995,-19.200074,151
-6.3999977,-18.399951,151
-6.4000278,-17.600013,151
-6.4000243,-16.800072,151
-6.4000206,-15.999984,151
-6.4000588,-15.199942,151
-6.3999054,-14.399995,140
-6.4000519,-13.599995,139
-6.3999664,-12.799985,139
-6.399938,-12.000067,139
-6.4000983,-11.199957,128
-6.3999125,-10.400018,123
-6.4000562,-9.5999248,123
-6.3999862,-8.7999453,123
-6.3999723,-7.9999869,123
-6.3999962,-7.1999634,121
-6.3999478,-6.400059,121
-6.3999348,-5.6000756,121
-6.3999688,-4.7999948,122
-6.4000898,-4.0000203,122
-6.4000743,-3.1999429,101
-6.399901,-2.4000829,112
-6.4000985,-1.6000504,112
-6.4000155,-0.79991527,113
-6.3999706,5.6715427e-5,135
-6.3999095,0.80007837,135
-6.3999696,1.6000217,137
-6.3999372,2.3999577,166
-6.3999406,3.1999971,171
-6.3999871,4.0000463,178
-6.4000807,4.7999327,178
-6.4000414,5.6000611,178
-6.4000398,6.3999278,190
-6.4000937,7.1999095,190
-6.4000638,8.0000255,221
-6.3999926,8.7999466,221
-6.3999142,9.6000761,221
-6.4000116,10.399928,274
-6.3999896,11.200028,274
-6.3999098,12.000093,274
-6.4000809,12.800003,309
-6.400051,13.6,309
-6.4000599,14.399902,330
-6.3999702,15.200004,330
-6.4000702,15.999932,330
-6.399995,16.799916,330
-6.4000266,17.600035,352
-6.3999063,18.399986,352
-6.4000457,19.200035,352
-6.4000395,19.999912,352
-5.6000394,-21.600077,157
-5.6000801,-20.800062,157
-5.5999561,-20.000034,157
-5.5999159,-19.200035,157
-5.6000382,-18.39996,151
-5.5999722,-17.600016,151
-5.6000428,-16.799914,151
-5.6,-16.000086,151
-5.6000251,-15.199985,140
-5.6000158,-14.399919,140
-5.5999118,-13.600041,140
-5.5999359,-12.800096,140
-5.599965,-12.000013,128
-5.5999262,-11.200082,128
-5.5999149,-10.399949,128
-5.5999141,-9.599964,123
-5.5999922,-8.8000059,123
-5.5999738,-7.9999331,123
-5.6000929,-7.1999478,121
-5.6000732,-6.4000234,121
-5.5999499,-5.5999738,104
-5.6000643,-4.8000597,104
-5.5999223,-4.0000947,104
-5.5999701,-3.2,101
-5.5999879,-2.4000768,101
-5.600064,-1.6000511,112
-5.599912,-0.79994533,113
-5.6000825,-5.1597166e-5,113
-5.6000477,0.800013,137
-5.5999928,1.6000937,137
-5.6000646,2.3999856,171
-5.6000233,3.2000708,171
-5.6000449,4.0000453,180
-5.6000841,4.8000291,180
-5.5999589,5.6000859,192
-5.5999538,6.3999998,192
-5.6000701,7.1999247,208
-5.5999567,7.9999756,208
-5.6000914,8.8000064,221
-5.6000615,9.5999371,221
-5.5999513,10.400097,264
-5.599997,11.199959,264
-5.5999541,12.000036,309
-5.5999178,12.800021,309
-5.5999774,13.600056,309
-5.5999692,14.400041,330
-5.5999426,15.20004,330
-5.5999158,15.999927,330
-5.6000482,16.799966,330
-5.5999135,17.600019,352
-5.6000612,18.400032,352
-5.6000992,19.199917,352
-5.5999185,20.000011,352
-4.7999721,-21.599978,157
-4.7999467,-20.800041,157
-4.7999659,-19.999998,157
-4.7999807,-19.199956,157
-4.8000592,-18.399923,157
-4.80008,-17.600012,157
-4.7999824,-16.800067,151
-4.8000202,-15.999995,140
-4.8000527,-15.199938,140
-4.7999725,-14.400072,140
-4.8000614,-13.600016,140
-4.8000977,-12.799975,140
-4.8000611,-12.000082,128
-4.8000499,-11.20004,128
-4.8000269,-10.399942,128
-4.8000113,-9.6000943,128
-4.7999456,-8.8000269,117
-4.7999624,-7.9999219,117
-4.7999644,-7.199951,100
-4.8000899,-6.40001,100
-4.8000971,-5.5999698,104
-4.7999956,-4.7999678,104
-4.7999331,-4.0000523,94
-4.8000812,-3.20002,101
-4.8000857,-2.4000069,101
-4.8000823,-1.5999191,95
-4.7999899,-0.79990975,106
-4.7999498,-4.0779112e-5,106
-4.7999423,0.79994595,115
-4.8000939,1.599969,115
-4.7999256,2.399974,172
-4.8000379,3.1999699,177
-4.7999832,4.0000377,180
-4.8000337,4.7999492,180
-4.8000352,5.5999913,192
-4.8000627,6.3999429,192
-4.8000376,7.1999694,208
-4.7999388,8.000061,208
-4.7999036,8.8000075,250
-4.7999505,9.5999623,250
-4.800056,10.40001,264
-4.800024,11.199965,278
-4.7999148,12.000001,278
-4.7999299,12.800085,309
-4.8000797,13.599987,309
-4.8000339,14.400084,330
-4.8000947,15.199928,330
-4.8000383,16.000005,330
-4.8000668,16.799951,330
-4.8000362,17.599916,352
-4.8000568,18.400002,352
-4.7999655,19.200009,352
-4.00003,-21.600005,157
-3.999924,-20.800061,157
-3.9999269,-19.999996,157
-3.9999829,-19.200036,157
-4.0000631,-18.399995,157
-4.0000179,-17.600087,157
-4.0000589,-16.80009,144
-4.0000799,-15.999907,144
-3.9999636,-15.200093,140
-4.0000481,-14.400058,140
-3.9999325,-13.600012,140
-3.9999151,-12.799964,140
-4.0000946,-11.999974,128
-4.0000401,-11.199949,128
-4.0000132,-10.400026,128
-3.9999391,-9.6000298,120
-4.0000881,-8.8000216,117
-4.0000417,-7.9999442,117
-4.0000334,-7.2000218,100
-3.9999761,-6.3999425,100
-4.0000967,-5.59996,93
-3.9999088,-4.8000625,93
-4.0000604,-4.0000054,94
-3.9999613,-3.2000622,94
-3.99991,-2.400071,81
-4.0000577,-1.6000084,95
-3.9999688,-0.79991001,96
-4.0000897,-6.5134045e-5,103
-4.0000629,0.79994836,107
-4.0000159,1.5999824,116
-3.9999968,2.3999768,172
-4.000073,3.2000989,177
-3.999972,3.9999983,184
-3.9999263,4.7999851,189
-3.9999559,5.6000269,198
-3.9999477,6.3999641,204
-3.9999319,7.2000934,212
-3.999947,7.999979,212
-3.9999451,8.7999552,250
-3.9999505,9.599938,250
-4.0000341,10.399944,272
-3.9999932,11.199995,278
-3.9999325,11.999938,278
-4.0000574,12.799967,322
-3.9999567,13.60001,322
-4.0000268,14.400074,322
-3.9999595,15.200002,332
-3.9999448,15.99997,332
-3.9999622,16.799955,332
-3.9999162,17.600027,332
-4.0000225,18.399986,351
-4.000092,19.200015,351
-3.2000576,-21.600055,157
-3.2000019,-20.799995,157
-3.1999204,-19.999969,157
-3.1999645,-19.199906,157
-3.2000352,-18.400067,157
-3.200026,-17.600079,157
-3.1999789,-16.799954,144
-3.1999185,-15.999984,144
-3.1999737,-15.199934,144
-3.2000256,-14.399949,140
-3.1999599,-13.600058,140
-3.1999619,-12.800008,129
-3.2000118,-12.000099,129
-3.200033,-11.199973,129
-3.19997,-10.400091,120
-3.1999965,-9.599908,120
-3.2000978,-8.8000904,120
-3.2000772,-8.0000913,117
-3.1999326,-7.2000987,99
-3.2000821,-6.4000762,92
-3.2000678,-5.6000708,92
-3.200054,-4.8000799,93
-3.2000095,-4.0000185,79
-3.1999235,-3.2000959,69
-3.1999449,-2.399954,81
-3.1999713,-1.6000304,80
-3.2000025,-0.79997821,82
-3.2000925,-8.4215999e-6,83
-3.2000728,0.80001549,102
-3.1999873,1.6000972,110
-3.1999315,2.3999575,176
-3.2000112,3.1999794,181
-3.20006,4.0000913,184
-3.2000684,4.7999586,189
-3.2000654,5.6000262,198
-3.200095,6.4000956,204
-3.1999405,7.1999005,222
-3.2000744,8.0000619,212
-3.1999547,8.7999674,259
-3.1999212,9.600078,259
-3.1999726,10.40009,272
-3.2000599,11.200047,272
-3.1999434,11.999993,305
-3.2000757,12.799974,322
-3.2000553,13.600051,322
-3.2000512,14.399976,322
-3.1999858,15.19992,332
-3.2000455,16.000093,332
-3.199964,16.800087,332
-3.2000231,17.600088,332
-3.1999882,18.400055,351
-3.199946,19.199903,351
-3.1999057,19.999948,351
-3.1999375,20.800066,351
-3.1999971,21.600002,351
-2.400049,-21.600062,157
-2.3999913,-20.80007,157
-2.4000831,-19.99991,157
-2.4000587,-19.200017,157
-2.4000094,-18.400014,157
-2.4000163,-17.600032,144
-2.399938,-16.799997,144
-2.4000361,-16.000038,144
-2.4000456,-15.200059,144
-2.4000092,-14.399921,144
-2.4000141,-13.599928,129
-2.3999229,-12.800036,129
-2.3999659,-12.00002,129
-2.4000087,-11.200058,129
-2.3999803,-10.399949,120
-2.4000562,-9.5999109,120
-2.4000808,-8.7999449,120
-2.3999589,-8.0000894,99
-2.3999332,-7.2000401,99
-2.4000979,-6.3999293,92
-2.4000374,-5.599947,92
-2.4000163,-4.8000929,79
-2.3999391,-3.9999808,79
-2.4000232,-3.2000473,69
-2.3999202,-2.3999359,65
-2.4000684,-1.6000499,62
-2.4000152,-0.80001966,60
-2.4000151,-4.589542e-5,63
-2.4000765,0.79991695,66
-2.3999698,1.5999828,105
-2.4000768,2.4000199,114
-2.3999607,3.1999745,182
-2.4000993,3.9999734,188
-2.3999253,4.7999706,196
-2.400058,5.5999818,202
-2.4000927,6.3999283,202
-2.3999955,7.1999363,222
-2.3999169,7.9999506,240
-2.4000358,8.8000153,259
-2.4000662,9.6000447,259
-2.3999428,10.400011,272
-2.4000818,11.200035,305
-2.4000167,11.999933,305
-2.3999588,12.800064,305
-2.4000012,13.599971,322
-2.3999785,14.400088,322
-2.4000761,15.199932,332
-2.3999202,16.000017,332
-2.4000301,16.79998,332
-2.3999419,17.599975,332
-2.3999931,18.399987,351
-2.3999147,19.200084,351
-2.4000994,19.999915,351
-2.4000227,20.799964,351
-2.4000699,21.600084,351
-2.4000759,22.400003,351
-1.6000213,-21.60001,157
-1.6000097,-20.799943,157
-1.6000841,-19.999948,157
-1.6000519,-19.200008,157
-1.599997,-18.400056,157
-1.5999124,-17.599928,144
-1.5999231,-16.800041,144
-1.5999469,-15.999944,144
-1.6000455,-15.20007,144
-1.5999897,-14.400003,141
-1.6000059,-13.599995,141
-1.5999991,-12.79996,129
-1.5999083,-11.9999,129
-1.5999354,-11.2,127
-1.5999157,-10.399929,118
-1.5999211,-9.6000028,118
-1.6000373,-8.8000709,118
-1.6000104,-8.0000086,98
-1.6000973,-7.2000238,99
-1.5999396,-6.4000551,84
-1.5999259,-5.6000042,84
-1.599948,-4.8000682,68
-1.5999368,-4.0000986,68
-1.5999563,-3.1999005,61
-1.5999712,-2.4000426,44
-1.5999095,-1.5999215,29
-1.600035,-0.80007518,26
-1.6000023,-5.9483827e-5,24
-1.6000424,0.80003565,25
-1.6000424,1.5999254,64
-1.5999468,2.4000024,111
-1.5999379,3.1999,186
-1.6000634,4.0000765,193
-1.5999382,4.799966,196
-1.5999272,5.5999262,206
-1.6000511,6.4000379,206
-1.5999379,7.1999233,240
-1.6000797,8.0000539,240
-1.5999632,8.7999987,261
-1.5999886,9.6000337,277
-1.599901,10.399941,277
-1.599936,11.200022,305
-1.6000263,11.999925,305
-1.5999215,12.799908,324
-1.6000838,13.599971,324
-1.5999517,14.399975,324
-1.6000593,15.199988,332
-1.6000044,15.999936,332
-1.5999775,16.799901,332
-1.6000419,17.599913,351
-1.6000073,18.400015,351
-1.6000952,19.199955,351
-1.6000426,19.999953,351
-1.5999385,20.800033,351
-1.6000651,21.600035,351
-1.6000736,22.400089,351
-0.79999836,-21.599942,157
-0.79993134,-20.800028,157
-0.79995548,-20.000034,157
-0.80003345,-19.199962,157
-0.80006075,-18.40003,157
-0.79991787,-17.600086,150
-0.79992842,-16.800004,144
-0.80004086,-16.00006,144
-0.79991741,-15.199912,141
-0.79990063,-14.399958,141
-0.8000512,-13.600094,141
-0.8000918,-12.800082,141
-0.79993276,-12.00006,127
-0.80002777,-11.200014,127
-0.80009244,-10.39994,127
-0.79994085,-9.5999755,118
-0.80008369,-8.7999873,118
-0.79998663,-8.0000321,98
-0.8000113,-7.1999504,98
-0.80009025,-6.4000731,84
-0.79995381,-5.6000702,70
-0.79999398,-4.8000191,70
-0.79994131,-3.999953,59
-0.80009627,-3.2000056,45
-0.80002062,-2.4000951,30
-0.79996708,-1.599988,23
-0.80007848,-0.7999269,6
-0.79990634,-1.1511165e-5,5
-0.80004621,0.79999483,9
-0.80002182,1.6000266,15
-0.79998097,2.3999748,67
-0.80008939,3.2000588,191
-0.80006689,4.0000288,199
-0.8000314,4.8000384,205
-0.80009118,5.5999545,205
-0.80006324,6.4000552,231
-0.80004739,7.1999706,231
-0.80003124,8.0000968,261
-0.80002357,8.8000079,261
-0.7999189,9.5999091,277
-0.79992231,10.399917,277
-0.80007403,11.199965,308
-0.80000214,11.999968,308
-0.80002072,12.799988,324
-0.79996921,13.600036,324
-0.80008224,14.40001,324
-0.80000807,15.199919,336
-0.79992753,16.000011,336
-0.79995172,16.800084,336
-0.79997776,17.599992,336
-0.80008418,18.400086,351
-0.79994608,19.199947,351
-0.80008274,20.000027,351
-0.80002571,20.79999,351
-0.79997592,21.599954,351
-0.79990349,22.400083,351
1.9311714e-5,-21.599948,157
5.3478063e-5,-20.799992,157
-4.8362304e-5,-20.000047,157
-2.7451413e-5,-19.19999,150
-8.6936787e-5,-18.40007,150
-2.5220859e-5,-17.600089,150
-9.9317556e-5,-16.800058,150
4.0853156e-5,-16.000016,150
7.8224417e-5,-15.199995,141
5.1845432e-6,-14.40002,141
2.9950143e-5,-13.600045,141
5.0553572e-5,-12.800054,141
4.7994279e-5,-12.000007,127
9.2967006e-5,-11.199964,127
-3.3904398e-5,-10.399935,127
3.820299e-5,-9.5999534,119
6.2438296e-5,-8.7999987,119
-2.7866912e-5,-7.9999472,98
8.0860855e-7,-7.1999518,87
3.2176147e-5,-6.3999675,78
-2.5894815e-5,-5.6000962,78
-9.6570249e-5,-4.8000612,70
-9.7422244e-6,-4.0000921,59
8.7357846e-5,-3.1999406,40
-6.3686595e-5,-2.4000141,27
-2.3325247e-5,-1.5999976,20
-9.4457631e-5,-0.8000579,4
5.3630771e-5,3.8398062e-5,1
2.397089e-5,0.799985,7
-5.2070689e-5,1.5999761,11
-2.8080016e-5,2.400052,51
-5.8555746e-5,3.2000615,197
-9.1051385e-5,3.9999292,201
7.7728131e-5,4.8000872,210
5.1360132e-7,5.5999276,210
-5.6146659e-5,6.4000233,241
-6.0869028e-5,7.2000826,241
-2.750631e-5,7.9999634,270
-2.5788509e-5,8.7999475,270
-4.1367966e-5,9.5999955,288
9.6801115e-5,10.399903,288
5.8278083e-6,11.200022,308
2.7990829e-5,11.999999,308
-1.5420717e-5,12.800037,324
-9.9849538e-5,13.599936,324
-4.6874584e-6,14.399972,324
-6.8393791e-5,15.200014,336
-9.9089502e-6,15.9999,336
-2.7686578e-5,16.799942,336
-7.135608e-5,17.600018,336
-6.3406223e-5,18.400043,353
8.7790228e-5,19.200014,353
-8.1440259e-5,20.000063,353
-3.0189753e-5,20.800063,353
-7.7067125e-5,21.600051,353
0.79998581,-21.600015,157
0.79994346,-20.800099,157
0.80008562,-19.99993,150
0.80007172,-19.2001,150
0.80002328,-18.399978,150
0.80004771,-17.600071,150
0.80007883,-16.800065,150
0.79995664,-15.999902,150
0.79991836,-15.200098,141
0.80002843,-14.399981,141
0.80008377,-13.600048,141
0.8000213,-12.799934,132
0.80006345,-11.999976,132
0.80000797,-11.199977,127
0.79994836,-10.399922,119
0.80004189,-9.6000718,119
0.80005342,-8.7999061,119
0.80001786,-7.9999614,97
0.79994772,-7.2000392,87
0.79992705,-6.4000688,87
0.79993278,-5.599909,78
0.80005496,-4.8000478,58
0.80004237,-4.0000868,58
0.79992425,-3.200012,39
0.8000578,-2.4000318,28
0.80006755,-1.599947,19
0.79992239,-0.79991958,3
0.79991687,-5.2996307e-5,2
0.79998121,0.79991852,8
0.80006024,1.5999205,12
0.80004762,2.4000094,47
0.8000664,3.1999781,200
0.80001565,3.9999495,209
0.8000323,4.8000788,219
0.79994314,5.6000639,236
0.80001689,6.4000761,236
0.79995138,7.1999124,262
0.80003978,7.9999563,262
0.80003102,8.7999415,270
0.79996502,9.600042,288
0.80003363,10.400008,288
0.79999199,11.20007,308
0.80009027,11.999959,308
0.80007697,12.800036,327
0.79990826,13.599997,327
0.79990144,14.39999,327
0.79998617,15.200057,336
0.80004449,15.99998,336
0.79992036,16.800064,336
0.80008099,17.599922,336
0.79995306,18.400079,353
0.80004773,19.199949,353
0.79991926,19.999986,353
0.80003254,20.800021,353
0.79995841,21.600048,353
1.600086,-21.600087,294
1.599956,-20.800073,294
1.5999127,-19.999949,150
1.5999427,-19.200002,150
1.5999834,-18.400023,150
1.5999535,-17.599973,150
1.5999009,-16.800002,150
1.60008,-16.000063,150
1.5999445,-15.200047,150
1.6000772,-14.40001,148
1.599964,-13.600036,132
1.599923,-12.800075,132
1.6000133,-12.000049,132
1.5999574,-11.200013,126
1.6000615,-10.400038,126
1.6000993,-9.6000243,126
1.600031,-8.7999231,97
1.6000906,-8.0000392,97
1.5999619,-7.2000137,88
1.6000868,-6.399948,88
1.5999747,-5.5999065,71
1.600053,-4.8000285,71
1.6000991,-3.9999478,57
1.5999666,-3.1999661,41
1.6000364,-2.3999248,31
1.5999529,-1.6000531,22
1.6000219,-0.79996677,14
1.5999266,-7.4670317e-7,10
1.5999715,0.79997873,13
1.6000808,1.6000311,16
1.5999815,2.4000953,48
1.599976,3.1999019,207
1.6000502,3.9999963,216
1.5999414,4.7999148,219
1.6000628,5.600024,247
1.5999557,6.4000574,247
1.6000743,7.200059,271
1.5999422,8.0000159,262
1.5999785,8.7999203,262
1.5999325,9.6000845,289
1.6000788,10.399974,288
1.5999642,11.19995,310
1.6000871,12.000012,310
1.6000472,12.799911,327
1.5999956,13.600084,327
1.5999512,14.399948,327
1.6000191,15.19994,343
1.6000412,16.000041,343
1.6000032,16.799977,343
1.5999851,17.599935,343
1.5999743,18.400042,353
1.600066,19.200022,353
1.5999317,20.000058,353
1.5999876,20.800001,353
1.6000805,21.600044,353
2.3999969,-22.400077,294
2.4000168,-21.600008,294
2.4000578,-20.800092,294
2.399932,-19.999974,294
2.3999005,-19.200041,150
2.3999855,-18.399975,150
2.4000439,-17.600038,150
2.3999815,-16.799903,150
2.3999597,-15.999993,150
2.400018,-15.199954,148
2.4000524,-14.400004,148
2.4000606,-13.60003,148
2.399976,-12.799995,132
2.3999522,-11.99993,132
2.399906,-11.200042,126
2.4000697,-10.399964,126
2.3999751,-9.6000559,124
2.3999927,-8.79995,124
2.4000799,-8.0000553,109
2.4000234,-7.1999339,88
2.3999313,-6.3999002,88
2.4000931,-5.6000331,74
2.3999633,-4.8000558,74
2.3999231,-4.000007,57
2.4000786,-3.2000874,43
2.4000053,-2.4000664,36
2.3999516,-1.5999901,32
2.3999708,-0.7999819,21
2.400077,-9.2711867e-5,18
2.3999254,0.79998627,17
2.399942,1.6000944,35
2.4000515,2.3999464,54
2.4000999,3.1999323,215
2.4000048,3.9999996,232
2.4000208,4.8000285,244
2.4000179,5.6000508,244
2.3999533,6.4000962,265
2.4000262,7.1999295,271
2.3999172,8.0000664,271
2.3999135,8.7999197,289
2.3999602,9.5999902,289
2.4000042,10.400095,289
2.4000951,11.199918,310
2.4000503,11.99996,310
2.399937,12.800035,327
2.3999762,13.600059,327
2.400073,14.39993,327
2.4000702,15.200059,343
2.399994,16.000016,343
2.3999061,16.799996,343
2.4000683,17.599942,343
2.4000009,18.40008,353
2.3999929,19.20005,353
2.400096,19.999941,353
2.39999,20.79992,353
2.399937,21.600099,353
3.2000324,-22.399992,294
3.2000731,-21.600063,294
3.2000383,-20.800019,294
3.2000674,-20.000009,294
3.1999644,-19.200018,294
3.2000106,-18.400087,294
3.200061,-17.599943,158
3.2000886,-16.800049,158
3.2000964,-15.999912,158
3.2000628,-15.199989,148
3.2000274,-14.399901,148
3.200022,-13.60005,148
3.2000335,-12.800086,148
3.2000597,-12.000071,142
3.1999374,-11.199926,142
3.1999637,-10.399903,142
3.1999922,-9.6000474,124
3.2000734,-8.8000777,124
3.1999664,-7.9999676,109
3.2000381,-7.2000824,109
3.2000669,-6.3999464,86
3.2000712,-5.6000402,86
3.1999798,-4.7999399,72
3.1999964,-4.0000975,72
3.1999191,-3.1999016,55
3.1999497,-2.3999188,42
3.1999813,-1.6000159,38
3.1999908,-0.80000806,34
3.1999036,-7.2708281e-5,33
3.199944,0.80001581,37
3.2000217,1.5999751,50
3.1999667,2.3999665,218
3.2000816,3.2000497,233
3.1999211,4.0000759,232
3.2000628,4.7999334,252
3.1999966,5.6000101,265
3.1999573,6.3999204,265
3.2000188,7.2000212,284
3.2000874,8.0000914,284
3.1999167,8.7999744,284
3.2000535,9.600082,289
3.1999422,10.399986,289
3.2000375,11.199984,310
3.1999479,11.999961,310
3.1999265,12.800021,331
3.2000654,13.599924,331
3.1999043,14.399911,331
3.1999237,15.199975,331
3.199955,15.99996,343
3.1999779,16.80004,343
3.2000336,17.60007,343
3.2000395,18.400076,353
3.2000722,19.199901,353
3.2000856,20.000088,353
3.2000084,20.800068,353
3.19992,21.599969,353
3.9999889,-22.40002,294
4.0000527,-21.599922,294
4.0000264,-20.799961,294
4.0000746,-20.000087,294
3.9999752,-19.199948,294
3.9999371,-18.400055,294
3.9999356,-17.599999,158
3.9999265,-16.800024,158
3.9999797,-16.00003,158
4.0000058,-15.199954,158
3.9999166,-14.399992,148
4.0000022,-13.600065,148
4.0000558,-12.799933,148
4.0000729,-11.999988,142
3.9999751,-11.200081,142
4.0000151,-10.400045,142
4.000045,-9.6000326,131
3.9999513,-8.8000195,131
4.0000315,-7.9999402,125
3.9999954,-7.2000675,125
3.9999736,-6.3999578,108
4.0000624,-5.6000409,91
3.9999915,-4.7999872,85
4.0000577,-3.9999303,73
4.0000598,-3.2000492,73
4.0000608,-2.3999799,56
4.0000881,-1.5999902,52
3.9999673,-0.79999431,46
4.000096,7.3294446e-5,49
3.9999241,0.79992812,53
3.9999849,1.6000257,224
3.9999797,2.400047,235
4.0000157,3.1999788,246
4.0000472,4.0000413,253
4.0000941,4.8000542,252
4.0000752,5.5999376,275
4.0000588,6.4000488,283
4.0000693,7.199979,283
4.0000512,7.9999439,284
3.9999608,8.8000575,284
4.0000573,9.599981,307
3.9999215,10.399966,307
3.9999645,11.199963,326
4.0000132,12.000078,326
3.99992,12.800063,326
4.0000008,13.60002,331
4.0000965,14.399991,331
3.999922,15.200029,331
3.9999349,16.000029,343
3.9999435,16.800015,343
3.9999643,17.599996,349
3.9999847,18.399903,349
3.9999648,19.19995,349
3.9999983,19.99999,349
3.9999642,20.799937,353
3.9999573,21.600064,353
4.8000103,-22.399946,294
4.8000046,-21.600014,294
4.8000458,-20.800092,294
4.8000344,-20.000069,294
4.7999067,-19.200051,294
4.8000397,-18.399997,294
4.8000548,-17.599915,158
4.8000502,-16.800096,158
4.7999373,-16.000034,158
4.8000717,-15.199939,158
4.8000204,-14.399939,226
4.7999074,-13.599934,226
4.7999322,-12.799989,149
4.8000927,-12.000054,149
4.8000828,-11.200096,146
4.8000673,-10.40004,146
4.7999859,-9.6000993,131
4.8000633,-8.7999196,143
4.8000465,-7.9999151,125
4.8000949,-7.2000867,130
4.7999046,-6.4000814,108
4.799946,-5.6000762,91
4.7999586,-4.7999336,85
4.8000117,-3.9999747,89
4.7999882,-3.1999049,77
4.799933,-2.3999308,77
4.7999002,-1.5999494,75
4.8000353,-0.7999067,76
4.7999609,3.0999698e-5,90
4.8000665,0.79993307,230
4.7999128,1.6000855,239
4.7999917,2.3999676,249
4.8000777,3.1999562,246
4.8000665,4.0000509,253
4.7999706,4.8000821,275
4.7999089,5.5999746,275
4.8000149,6.3999073,283
4.7999923,7.1999913,283
4.8000194,8.0000003,306
4.8000368,8.7999072,306
4.8000893,9.5999052,307
4.7999274,10.399997,307
4.8000264,11.200066,326
4.7999038,11.999968,326
4.8000582,12.800048,326
4.8000441,13.599989,331
4.7999181,14.399902,331
4.7999794,15.200095,331
4.8000101,16.000036,331
4.8000851,16.799946,349
4.8000296,17.599964,349
4.7999619,18.399978,349
4.8000222,19.199997,349
4.799904,19.999905,349
4.8000832,20.800028,349
4.800049,21.600097,349
5.6000948,-22.399924,294
5.5999451,-21.60005,294
5.5999461,-20.800092,294
5.6000256,-20.000006,294
5.5999994,-19.200007,294
5.6000731,-18.399967,294
5.5999834,-17.600075,158
5.6000838,-16.799958,158
5.5999862,-16.000065,158
5.5999772,-15.199941,226
5.60001,-14.400005,226
5.5999935,-13.60003,226
5.5999868,-12.799921,149
5.6000626,-12.000041,149
5.5999865,-11.200015,146
5.6000822,-10.399977,146
5.5999671,-9.5999695,143
5.6000694,-8.799986,143
5.5999095,-8.0000334,130
5.6000569,-7.2000452,130
5.5999135,-6.400057,145
5.6000895,-5.5999948,145
5.6000982,-4.8000201,147
5.5999694,-4.0000715,89
5.5999187,-3.2000886,211
5.6000468,-2.4000288,211
5.60004,-1.5999728,220
5.5999963,-0.79996542,229
5.6000967,-8.2744613e-5,237
5.5999905,0.80006032,245
5.5999054,1.6000009,251
5.6000626,2.4000869,249
5.5999338,3.2000334,273
5.5999056,4.0000437,279
5.6000472,4.8000752,279
5.6000109,5.5999114,291
5.6000567,6.4000339,291
5.5999339,7.2000171,306
5.5999782,7.9999915,306
5.6000251,8.8000643,306
5.5999317,9.6000259,307
5.6000023,10.399933,307
5.5999619,11.199974,326
5.6000714,12.000049,326
5.5999631,12.800044,326
5.5999517,13.600057,342
5.599902,14.399949,342
5.6000553,15.199929,342
5.5999583,15.999954,342
5.6000136,16.800047,349
5.599939,17.600009,349
5.5999564,18.399902,349
5.6000741,19.199997,349
5.5999609,20.000063,349
5.6000944,20.800095,349
5.5999017,21.599934,349
6.4000571,-22.400071,294
6.3999724,-21.59995,294
6.3999726,-20.799903,294
6.3999348,-19.999948,294
6.3999628,-19.200085,294
6.4000665,-18.399913,294
6.3999048,-17.599983,298
6.3999645,-16.800057,298
6.3999174,-15.999951,298
6.400025,-15.200084,226
6.3999507,-14.400097,226
6.3999841,-13.59995,226
6.400083,-12.799925,227
6.3999203,-11.999932,227
6.4000532,-11.199989,228
6.4000641,-10.400074,228
6.4000875,-9.5999411,217
6.4000306,-8.7999871,217
6.3999549,-7.9999166,213
6.3999256,-7.2000956,213
6.3999791,-6.3999222,214
6.3999063,-5.6000795,214
6.400052,-4.7999962,147
6.3999479,-3.9999635,225
6.4000117,-3.200083,225
6.3999226,-2.3999162,234
6.3999904,-1.6000575,220
6.4000874,-0.80005393,248
6.4000972,-8.0392078e-5,237
6.399919,0.8000775,245
6.3999361,1.5999718,251
6.4000872,2.400007,276
6.3999306,3.2000004,273
6.4000032,4.0000761,287
6.3999888,4.8000332,279
6.4000407,5.6000014,291
6.3999495,6.4000147,291
6.4000087,7.1999834,313
6.4000403,8.0000903,318
6.4000393,8.8000834,318
6.4000433,9.6000938,318
6.4000754,10.400039,328
6.4000669,11.200097,328
6.4000233,11.999947,328
6.3999643,12.799913,328
6.4000637,13.599928,342
6.4000733,14.399922,342
6.3999539,15.199909,342
6.399952,15.999936,342
6.4000752,16.800081,349
6.4000281,17.599901,349
6.3999465,18.399953,349
6.4000051,19.200011,349
6.3999457,19.999988,349
6.400084,20.800034,349
6.4000237,21.599987,349
7.2000044,-22.400091,294
7.2000777,-21.60007,294
7.2000364,-20.799906,294
7.1999136,-20.000023,294
7.1999296,-19.200066,294
7.1999587,-18.399919,298
7.2000548,-17.599973,298
7.200005,-16.799903,298
7.2000902,-15.999927,298
7.2000051,-15.200059,298
7.1999993,-14.399902,226
7.1999938,-13.600021,292
7.2000389,-12.799908,227
7.2000544,-11.999958,227
7.1999362,-11.199968,228
7.1999202,-10.400034,228
7.2000584,-9.5999883,217
7.2000397,-8.8000122,217
7.2000986,-8.0000086,213
7.1999845,-7.1999205,213
7.1999671,-6.3999658,214
7.1999399,-5.599939,238
7.2000997,-4.8000551,238
7.200004,-3.9999594,243
7.1999455,-3.2000206,243
7.1999248,-2.4000038,234
7.200031,-1.5999202,254
7.2000172,-0.79993937,248
7.1999014,-9.6772397e-5,266
7.2000818,0.79993817,266
7.2000821,1.5999819,281
7.1999679,2.3999816,276
7.1999258,3.2000851,287
7.1999813,3.9999312,287
7.2000421,4.799941,302
7.1999943,5.5999533,302
7.2000918,6.4000687,313
7.1999461,7.1999421,313
7.1999156,8.0000896,318
7.2000472,8.7999809,318
7.1999009,9.6000792,318
7.1999177,10.399977,328
7.1999528,11.199933,328
7.1999004,11.999916,328
7.2000886,12.80002,328
7.200029,13.599951,342
7.1999323,14.400052,342
7.1999712,15.199999,342
7.2000831,15.99991,342
7.2000074,16.799968,349
7.1999559,17.599909,349
7.200017,18.399919,349
7.1999925,19.200077,349
7.1999731,20.000064,349
7.2000046,20.799929,349
7.2000966,21.599974,349
8.0000559,-20.799939,294
7.9999185,-19.999902,294
7.9999006,-19.19998,298
8.0000276,-18.399989,298
8.0000053,-17.600074,298
7.9999537,-16.800094,298
7.9999337,-16.000049,298
8.0000476,-15.199956,298
7.9999394,-14.399968,292
7.9999066,-13.59993,292
7.9999229,-12.80006,292
7.9999003,-11.999984,258
7.999965,-11.200063,258
8.0000816,-10.39998,280
8.0000102,-9.5999198,256
8.0000218,-8.8000788,256
8.0000366,-8.0000463,256
7.999913,-7.2000895,255
8.0000298,-6.4000554,255
7.9999443,-5.6000537,238
8.0000117,-4.8000569,238
8.0000224,-4.0000122,243
8.0000646,-3.1999155,260
7.9999148,-2.4000936,260
8.0000759,-1.6000669,254
7.9999299,-0.80002491,254
7.9999506,4.7112535e-5,282
8.0000448,0.80000321,281
8.0000373,1.5999477,281
7.9999184,2.4000745,297
7.9999784,3.1999853,297
7.9999438,3.9999028,303
8.0000847,4.7999128,302
8.0000992,5.6000208,302
8.0000913,6.4000823,313
8.0000567,7.1999966,313
7.9999969,7.9999195,313
8.0000843,8.7999741,318
8.0000196,9.5999532,318
8.0000427,10.399907,328
7.9999455,11.199963,328
7.9999177,12.000005,328
7.9999142,12.799985,328
7.9999939,13.600021,347
8.0000052,14.400083,347
7.9999629,15.199951,347
7.9999596,16.000004,347
8.0000951,16.799941,356
8.0000259,17.600013,356
7.9999905,18.400047,356
8.0000512,19.199973,356
8.0000657,19.999977,356
8.0000706,20.800063,356
7.9999565,21.600064,356
8.8000575,-17.599991,298
8.7999133,-16.799953,298
8.8000759,-15.999983,298
8.7999943,-15.199949,298
8.7999841,-14.400041,292
8.7999699,-13.600034,292
8.8000696,-12.800028,292
8.8000192,-12.0,258
8.7999545,-11.199913,258
8.7999881,-10.39995,280
8.8000074,-9.600069,280
8.800029,-8.7999652,256
8.7999614,-8.0000652,256
8.7999079,-7.2000488,255
8.799973,-6.4000632,255
8.7999225,-5.6000862,255
8.7999058,-4.799996,257
8.799948,-4.0000066,257
8.7999614,-3.2000292,260
8.7999058,-2.3999869,260
8.7999264,-1.5999682,286
8.8000967,-0.80005108,282
8.8000615,7.0476053e-6,282
8.7999111,0.79993927,282
8.799968,1.6000742,300
8.7999939,2.4000491,297
8.8000347,3.2000427,297
8.799982,4.0000704,303
8.7999166,4.7999371,303
8.8000141,5.6000356,319
8.8000824,6.4000762,319
8.8000788,7.2000576,319
8.8000737,8.0000106,325
8.8000203,8.8000442,325
8.7999923,9.5999926,325
8.8000799,10.399958,339
8.8000972,11.200099,339
8.800086,11.999992,339
8.8000945,12.799998,339
8.8000137,13.600068,347
8.7999879,14.400067,347
8.8000375,15.200004,347
8.7999044,16.000095,347
8.800071,16.800022,356
8.8000892,17.60008,356
8.7999887,18.399923,356
8.7999335,19.200031,356
8.799993,20.000012,356
8.799968,20.800069,356
9.5999203,-18.399906,298
9.5999055,-17.600041,298
9.5999132,-16.799968,298
9.6000708,-16.000047,298
9.5999555,-15.200022,298
9.6000237,-14.40009,292
9.5999538,-13.60009,292
9.5999031,-12.800083,301
9.6000458,-11.999902,301
9.5999741,-11.19999,301
9.6000906,-10.399946,280
9.6000247,-9.5999475,280
9.600029,-8.8000755,295
9.5999664,-8.0000424,295
9.600023,-7.2000117,255
9.6000908,-6.3999478,293
9.6000359,-5.5999556,293
9.5999304,-4.800054,257
9.5999223,-4.0000314,257
9.5999704,-3.200031,260
9.6000222,-2.3999535,286
9.6000998,-1.599925,286
9.600041,-0.79991793,299
9.6000964,-4.4633041e-5,299
9.5999849,0.79992619,300
9.6000759,1.5999408,300
9.599925,2.3999355,300
9.5999587,3.1999713,303
9.6000251,3.999927,303
9.599957,4.8000091,303
9.5999523,5.5999348,319
9.5999726,6.3999694,319
9.6000075,7.1999644,319
9.6000607,7.9999434,325
9.5999405,8.8000044,325
9.5999461,9.599931,325
9.5999936,10.399952,339
9.5999134,11.199999,339
9.5999816,11.999933,339
9.5999348,12.799917,339
9.5999862,13.600032,347
9.6000941,14.400006,347
9.5999168,15.200043,347
9.6000208,16.00008,347
9.6000194,16.799963,356
9.5999823,17.599993,356
9.6000392,18.399907,356
9.6000642,19.199978,356
9.5999362,20.000004,356
9.6000703,20.799903,356
10.399984,-19.19993,363
10.399961,-18.399918,363
10.4,-17.599965,298
10.400018,-16.799955,298
10.399937,-16.00003,316
10.399947,-15.200054,316
10.399942,-14.399928,316
10.39991,-13.600078,316
10.400038,-12.800001,301
10.399919,-11.999997,301
10.399907,-11.200093,301
10.4,-10.399959,304
10.40005,-9.5999088,295
10.399962,-8.7999265,295
10.399992,-8.0000537,295
10.400054,-7.1999719,293
10.400052,-6.3999692,293
10.399945,-5.600087,293
10.400057,-4.8000863,293
10.399995,-3.9999575,296
10.400039,-3.1999806,296
10.399923,-2.3999818,286
10.399993,-1.6000103,286
10.399978,-0.80006689,299
10.399915,-5.193448e-6,299
10.400003,0.79999271,299
10.400087,1.5999828,300
10.400059,2.4000929,300
10.400013,3.2000763,300
10.400049,3.9999316,303
10.400011,4.8000158,320
10.400039,5.5999555,319
10.399919,6.3999747,319
10.400016,7.2000893,319
10.399956,7.9999221,325
10.399903,8.7999651,325
10.400064,9.5999123,325
10.400045,10.399918,339
10.400006,11.199958,339
10.400033,12.00003,339
10.399964,12.800098,339
10.4001,13.599954,347
10.399916,14.400003,347
10.399979,15.199931,347
10.400022,15.999966,347
10.399916,16.79995,356
10.39996,17.600033,356
10.40001,18.400017,356
10.400075,19.200099,356
10.400022,19.999954,356
10.399938,20.800046,356
11.200086,-19.999963,363
11.200083,-19.199944,363
11.199941,-18.40008,363
11.199973,-17.599961,363
11.199919,-16.799901,363
11.199949,-15.99997,316
11.200076,-15.200075,316
11.200081,-14.400064,316
11.199996,-13.600014,316
11.200067,-12.799961,301
11.1999,-12.00007,301
11.200029,-11.199938,301
11.199968,-10.400071,304
11.199908,-9.599912,304
11.200079,-8.8000591,295
11.199943,-7.9999433,295
11.199992,-7.2000559,293
11.199987,-6.399949,293
11.199994,-5.6000537,293
11.200061,-4.7999707,293
11.200038,-3.9999317,296
11.199988,-3.1999612,296
11.199912,-2.400044,296
11.200057,-1.6000132,286
11.199917,-0.79996641,299
11.200043,-4.4746452e-5,299
11.200034,0.8000094,299
11.200047,1.6000963,317
11.2,2.3999884,317
11.200028,3.2000725,317
11.20002,3.9999491,320
11.200026,4.7999282,320
11.199918,5.6000712,320
11.199925,6.4000473,320
11.199989,7.20002,338
11.199915,8.0000669,338
11.200079,8.8000364,325
11.199953,9.599989,325
11.200045,10.400089,339
11.20005,11.200043,339
11.20006,12.000071,339
11.199911,12.799969,339
11.199945,13.599978,347
11.19992,14.399982,347
11.199921,15.199991,347
11.199998,16.000026,347
11.199905,16.800086,356
11.200041,17.59997,356
11.200014,18.400012,356
11.20003,19.20009,356
11.200087,19.999908,356
12.000085,-19.999933,363
11.999985,-19.199919,363
12.000096,-18.400035,363
12.000081,-17.599981,363
11.999922,-16.799912,363
12.000025,-16.000031,316
12.00001,-15.200058,316
11.999963,-14.400056,316
11.999909,-13.599966,316
12.000002,-12.800058,323
11.999982,-11.999931,323
11.999916,-11.199971,304
11.999931,-10.400097,304
11.999994,-9.5999386,304
11.999909,-8.8000521,304
11.99994,-7.9999391,315
12.000092,-7.2000985,315
11.999978,-6.3999968,293
12.000005,-5.6000271,293
11.999994,-4.7999742,296
12.00004,-4.0000222,296
12.000025,-3.2000013,296
11.99992,-2.4000302,296
12.000035,-1.6000341,312
12.000086,-0.79997191,312
11.999918,-5.1425075e-5,299
11.999969,0.80002421,317
12.000007,1.600016,317
11.999922,2.3999802,317
12.000022,3.2000987,317
12.000083,4.0000844,320
11.999955,4.7999182,320
12.000017,5.5999561,320
12.000074,6.399969,320
11.999999,7.2000144,338
12.000001,8.0000685,338
12.000023,8.8000959,338
11.999924,9.5999428,338
11.999901,10.400025,348
12.00003,11.199956,348
11.999931,11.999992,348
11.999945,12.799987,348
12.000002,13.599973,348
11.999903,14.400011,348
11.999966,15.200087,358
12.000001,16.00005,358
12.000025,16.800059,358
12.000063,17.600029,358
11.999951,18.400039,356
12.000088,19.199967,356
11.999983,20.000074,356
12.000053,20.800034,356
12.799964,-20.0,363
12.800086,-19.199922,363
12.799929,-18.399958,363
12.799906,-17.600076,363
12.800032,-16.800087,363
12.800085,-15.999987,316
12.799915,-15.200075,316
12.800064,-14.399961,316
12.799905,-13.600018,323
12.799972,-12.80004,323
12.799946,-12.000011,323
12.799942,-11.200063,323
12.800071,-10.399976,304
12.8,-9.6000558,304
12.799934,-8.799974,315
12.800013,-7.9999466,315
12.799968,-7.2000103,315
12.80008,-6.3999283,314
12.800005,-5.599949,314
12.799986,-4.7999262,314
12.800063,-3.9999851,314
12.800032,-3.2000505,296
12.800099,-2.4000746,312
12.799975,-1.5999525,312
12.79992,-0.80009022,312
12.799928,2.0211577e-5,312
12.799924,0.79997604,317
12.799904,1.6000087,317
12.800009,2.3999256,317
12.800052,3.1999142,317
12.799907,4.000085,320
12.800054,4.8000838,320
12.800052,5.5999266,320
12.799915,6.4000374,338
12.800095,7.1999882,338
12.800041,7.999921,338
12.799919,8.8000378,338
12.799962,9.6000778,338
12.799962,10.400082,348
12.799921,11.199937,348
12.800009,11.999933,348
12.800049,12.800074,348
12.800044,13.599972,348
12.800003,14.399986,348
12.800051,15.200093,358
12.799987,15.999991,358
12.800035,16.799929,358
12.799905,17.599915,358
12.800097,18.399985,358
12.800013,19.199954,358
12.799937,19.999946,358
12.799955,20.800068,358
13.599944,-19.999951,363
13.599981,-19.200006,363
13.599937,-18.399993,363
13.599993,-17.600042,363
13.599928,-16.800007,363
13.599939,-15.999905,363
13.600038,-15.200034,316
13.600088,-14.399984,316
13.599991,-13.599998,323
13.600061,-12.80008,323
13.6,-12.000096,323
13.599926,-11.199948,323
13.600002,-10.400089,345
13.600047,-9.5999481,315
13.600012,-8.8000444,315
13.600074,-7.9999378,315
13.599905,-7.2000572,315
13.600014,-6.4000229,314
13.600065,-5.599984,314
13.599915,-4.7999501,314
13.599902,-4.0000412,314
13.600053,-3.199969,314
13.600038,-2.3999557,312
13.599911,-1.5999209,312
13.600055,-0.79999141,312
13.599949,3.8628601e-5,312
13.600034,0.80006539,317
13.600043,1.6000871,317
13.600071,2.3999832,317
13.600078,3.1999941,317
13.599928,4.0000584,340
13.599937,4.8000308,340
13.599994,5.599919,340
13.599976,6.4000457,338
13.599935,7.2000369,338
13.599928,7.9999931,338
13.600079,8.799968,338
13.6,9.5999424,338
13.600094,10.400083,348
13.599969,11.200085,348
13.599925,12.000038,348
13.59994,12.799959,348
13.600002,13.600038,348
13.60006,14.399991,348
13.600086,15.199931,358
13.599976,15.999921,358
13.600033,16.800017,358
13.599918,17.600059,358
13.599902,18.400024,358
13.600079,19.200056,358
13.600096,20.000059,358
13.600046,20.799975,358
14.400064,-20.000099,363
14.399931,-19.2,363
14.400003,-18.399982,363
14.399931,-17.599937,363
14.400081,-16.800095,363
14.399908,-16.0001,363
14.400008,-15.199955,350
14.399994,-14.399915,350
14.400025,-13.60007,350
14.400006,-12.79997,350
14.400087,-11.999993,323
14.400072,-11.20008,345
14.399902,-10.400055,345
14.40005,-9.6000165,345
14.399931,-8.7999905,315
14.39996,-8.0000821,315
14.399953,-7.1999976,315
14.400088,-6.3999542,314
14.400046,-5.600061,314
14.400053,-4.7999784,314
14.399975,-3.9999546,314
14.400061,-3.2000505,314
14.400053,-2.3999884,312
14.39992,-1.6000037,312
14.400045,-0.80004407,312
14.399928,7.8195444e-5,312
14.399984,0.80002823,341
14.399927,1.5999442,317
14.399908,2.4000025,317
14.399999,3.2000769,340
14.399971,3.9999321,340
14.399991,4.7999276,340
14.400069,5.6000247,340
14.400015,6.3999884,340
14.40003,7.1999066,338
14.399918,8.0000826,338
14.400069,8.8000131,338
14.400007,9.5999327,338
14.399987,10.400032,348
14.400089,11.199953,348
14.399944,12.000039,348
14.400073,12.800018,348
14.400066,13.599932,348
14.399971,14.40007,348
14.400082,15.200074,358
14.400001,15.999934,358
14.400003,16.800075,358
14.399947,17.59997,358
14.39993,18.399941,358
14.399989,19.199964,358
14.39993,20.000048,358
14.400023,20.800014,358
15.200099,-20.000099,363
15.199953,-19.200094,363
15.200018,-18.400047,363
15.200056,-17.599968,369
15.200044,-16.7999,369
15.200079,-16.000003,369
15.199934,-15.199975,350
15.199964,-14.400007,350
15.199945,-13.599969,350
15.199996,-12.799986,350
15.200064,-11.999918,350
15.200067,-11.200087,345
15.199946,-10.39993,345
15.200078,-9.6000894,345
15.199967,-8.7999033,346
15.199912,-7.9999686,346
15.200095,-7.199905,346
15.200051,-6.3999663,314
15.200011,-5.5999117,314
15.199969,-4.8000149,314
15.199999,-4.0000316,314
15.200089,-3.2000531,344
15.200033,-2.4000395,344
15.200017,-1.6000975,312
15.20005,-0.79994473,341
15.200008,-1.1835653e-5,341
15.199987,0.80006249,341
15.200048,1.6000059,341
15.199984,2.400045,341
15.199951,3.1999188,340
15.199919,3.9999415,340
15.199939,4.7999443,340
15.199907,5.6000937,340
15.200083,6.3999402,340
15.199919,7.2000057,340
15.200022,7.9999539,338
15.200095,8.7999184,338
15.199998,9.6000016,357
15.199948,10.400029,357
15.199973,11.199991,348
15.199951,11.999923,348
15.199972,12.800032,348
15.200012,13.600045,348
15.19993,14.400063,358
15.200089,15.200095,358
15.200035,15.999911,358
15.200012,16.799957,358
15.199954,17.600013,358
15.199982,18.400048,358
15.199922,19.19994,358
15.199911,19.999975,358
15.199991,20.800029,358
15.999978,-19.999971,369
16.000036,-19.20007,369
15.99991,-18.400006,369
16.000061,-17.600044,369
16.000037,-16.799907,369
15.999957,-15.999965,369
15.999973,-15.199997,350
16.000082,-14.400069,350
16.000021,-13.600009,350
16.000048,-12.799998,350
15.999911,-11.999922,350
15.999917,-11.200068,345
15.999928,-10.399951,345
15.999983,-9.6000559,345
16.000067,-8.8000632,346
16.000035,-8.0000279,346
15.999921,-7.199914,346
16.000023,-6.3999214,346
15.999902,-5.599925,314
16.000059,-4.7999076,314
15.999962,-4.000095,344
16.000038,-3.1999444,344
16.000065,-2.3999703,344
15.999934,-1.6000167,344
16.000073,-0.79993437,341
15.999969,3.6752641e-5,341
16.000019,0.80006508,341
16.000028,1.6000959,341
15.99998,2.3999017,341
15.999957,3.2000318,340
16.000021,4.0000888,340
16.00007,4.800031,340
16.000099,5.6000234,340
16.000058,6.3999141,340
15.999975,7.1999246,340
15.999958,7.9999699,357
15.999984,8.8000702,357
16.000049,9.6000221,357
16.000056,10.399953,357
15.999979,11.200082,357
16.00002,12.000012,357
15.999993,12.80009,357
15.999937,13.600095,348
16.000051,14.399903,358
16.000061,15.199942,358
15.999911,15.99998,358
15.999982,16.800042,358
16.000087,17.599928,358
15.999915,18.399908,358
15.999974,19.199982,358
16.000003,20.000025,358
15.99994,20.799903,358
16.799932,-20.000047,369
16.800004,-19.199903,369
16.80006,-18.400013,369
16.800049,-17.60005,369
16.800037,-16.799904,369
16.799947,-15.999924,369
16.800077,-15.200075,369
16.799923,-14.400035,350
16.800035,-13.59997,350
16.800009,-12.799978,350
16.800045,-11.999932,364
16.799944,-11.199953,364
16.799994,-10.399935,364
16.800051,-9.5999999,346
16.799978,-8.8000776,346
16.799926,-8.000035,346
16.800084,-7.2000128,346
16.799989,-6.4000428,346
16.799911,-5.5999261,360
16.799979,-4.7999322,344
16.799934,-4.000026,344
16.800084,-3.1999555,344
16.800078,-2.3999209,344
16.800092,-1.5999938,344
16.799962,-0.80007284,341
16.799906,8.1274906e-5,341
16.799905,0.7999138,341
16.799992,1.5999543,341
16.800059,2.3999319,341
16.79998,3.2000199,340
16.799972,4.0000601,340
16.79992,4.8000609,340
16.799928,5.5999203,340
16.799982,6.39997,340
16.799965,7.2000874,340
16.799972,8.0000673,357
16.80004,8.8000864,357
16.80005,9.5999757,357
16.800011,10.400038,357
16.800071,11.200066,357
16.799983,12.000081,357
16.799929,12.800003,357
16.80005,13.599995,357
16.800047,14.399965,358
16.799918,15.199957,358
16.799933,16.000088,358
16.800007,16.799937,358
16.800033,17.600021,358
16.800052,18.399953,358
16.800014,19.200033,358
16.800083,20.000005,358
16.800033,20.800056,358
17.599941,-20.000092,369
17.600042,-19.199911,369
17.600016,-18.399968,369
17.600045,-17.600016,369
17.599996,-16.800058,369
17.599997,-16.000084,369
17.600026,-15.199903,369
17.599951,-14.399937,350
17.600026,-13.599996,350
17.599933,-12.800092,364
17.599974,-11.999911,364
17.599992,-11.200081,364
17.59991,-10.399927,364
17.600061,-9.6000916,346
17.600018,-8.8000922,346
17.5999,-8.000066,346
17.599986,-7.2000763,346
17.600054,-6.400035,360
17.599999,-5.599941,360
17.599905,-4.7999761,360
17.59999,-3.9999542,344
17.599998,-3.2000882,344
17.59995,-2.3999122,344
17.6001,-1.6000999,344
17.599993,-0.79995624,341
17.600029,5.5631899e-5,341
17.599922,0.80000585,341
17.599975,1.599959,341
17.600033,2.3999338,359
17.599935,3.2000968,359
17.600083,3.9999833,359
17.600035,4.7999139,340
17.600009,5.600007,340
17.599922,6.4000602,361
17.600098,7.2000954,361
17.600081,7.9999895,357
17.600056,8.8000019,357
17.599981,9.6000663,357
17.599902,10.400021,357
17.600096,11.199923,357
17.599935,12.000023,357
17.600023,12.800007,357
17.599961,13.599929,357
17.599961,14.399971,367
17.600055,15.200068,358
17.600029,16.000035,358
17.599901,16.800052,358
17.600022,17.600009,358
17.600042,18.40005,358
17.600009,19.19998,358
17.600018,20.000046,358
18.399935,-20.000042,369
18.399941,-19.200011,369
18.400069,-18.399958,369
18.399985,-17.599924,369
18.399996,-16.799929,369
18.399909,-15.99998,369
18.399963,-15.200026,369
18.399948,-14.40001,369
18.400094,-13.600095,364
18.399963,-12.800019,364
18.400039,-11.999951,364
18.40006,-11.200097,364
18.399968,-10.39996,364
18.400036,-9.5999541,364
18.400031,-8.7999197,346
18.399946,-7.9999524,346
18.399949,-7.199971,360
18.400087,-6.4000481,360
18.399974,-5.5999813,360
18.399958,-4.7999626,360
18.40003,-3.9999786,344
18.400024,-3.1999511,344
18.40004,-2.4000801,344
18.400004,-1.5999825,344
18.400099,-0.79990072,341
18.400049,-5.9354784e-6,341
18.399942,0.79998058,341
18.399943,1.5999086,359
18.399943,2.4000053,359
18.399948,3.2000952,359
18.399949,4.0000944,359
18.399922,4.8000591,359
18.400023,5.6000362,361
18.399961,6.3999182,361
18.399904,7.2000971,361
18.400026,7.9999431,361
18.400069,8.799983,357
18.400097,9.6000464,357
18.399919,10.399945,357
18.400077,11.199962,357
18.399955,12.000095,357
18.400026,12.799936,357
18.400071,13.60002,357
18.400088,14.400033,367
18.399932,15.200079,367
18.399931,16.000041,367
18.399986,16.800066,367
18.40006,17.60002,367
18.40009,18.39996,367
18.400067,19.199994,367
18.400014,19.999976,367
19.200092,-20.000011,372
19.19992,-19.200045,372
19.199957,-18.400006,369
19.199974,-17.599932,369
19.199973,-16.80005,369
19.199946,-15.999996,369
19.200002,-15.199944,369
19.200092,-14.399958,371
19.199961,-13.600002,371
19.199904,-12.79995,364
19.200099,-12.000017,364
19.20006,-11.199956,364
19.200059,-10.399954,364
19.200084,-9.5999199,364
19.19998,-8.7999446,366
19.200058,-7.9999565,360
19.200006,-7.1999293,360
19.200092,-6.3999669,360
19.200065,-5.6000805,360
19.200026,-4.7999732,360
19.200034,-4.00006,360
19.199935,-3.2000667,344
19.200036,-2.4000827,362
19.200057,-1.5999381,362
19.199928,-0.80001889,362
19.199965,-4.5122983e-5,362
19.200039,0.79996506,362
19.199969,1.5999594,359
19.200033,2.4000752,359
19.200045,3.200047,359
19.200008,3.9999626,359
19.199947,4.8000348,359
19.199924,5.6000887,361
19.200093,6.3999051,361
19.200099,7.2000011,361
19.200068,7.9999043,361
19.200055,8.7999127,361
19.199902,9.5999945,357
19.199998,10.399936,357
19.20004,11.199958,357
19.199905,12.000094,357
19.200002,12.799963,357
19.200087,13.600097,367
19.200084,14.400025,367
19.199968,15.19992,367
19.199916,16.000066,367
19.200069,16.80008,367
19.199942,17.599924,367
19.200092,18.400026,367
19.19994,19.199992,367
19.199999,20.000018,367
20.000006,-20.79993,372
20.00004,-20.0,372
20.00003,-19.200037,372
20.000034,-18.400021,372
19.99991,-17.600055,372
19.999945,-16.800097,372
20.000097,-15.999996,372
19.999933,-15.20006,371
20.000036,-14.39991,371
20.000079,-13.600097,371
20.000038,-12.800087,371
20.000096,-11.999957,371
20.000049,-11.199908,364
20.000026,-10.399994,364
20.000092,-9.5999271,366
19.999903,-8.7999924,366
20.000057,-7.9999143,366
19.999966,-7.1999283,360
19.999919,-6.400008,360
20.000024,-5.5999835,360
20.000062,-4.8000373,360
20.000053,-4.0000222,360
20.000021,-3.1999542,362
20.000099,-2.3999029,362
19.999961,-1.5999313,362
20.000036,-0.80001097,362
20.000044,-6.2155508e-5,362
19.999965,0.79998558,362
20.00004,1.6000401,359
19.999904,2.3999626,359
19.99993,3.1999512,359
19.999999,4.0000789,359
19.999902,4.8000572,361
20.000029,5.6000098,361
20.000091,6.3999423,361
19.999933,7.1999005,361
19.999913,7.9999326,361
19.999956,8.8000043,361
19.999975,9.6000147,357
19.999907,10.399952,357
19.999912,11.200025,357
20.00003,11.999926,357
19.999972,12.799944,367
20.000082,13.599968,367
20.000089,14.400033,367
20.000002,15.199915,367
20.000013,16.000032,367
19.999933,16.800021,367
19.999956,17.600009,367
19.999939,18.399944,367
20.000064,19.200006,367
20.000086,20.000077,367
20.799942,-20.799996,372
20.799902,-19.999905,372
20.799925,-19.200063,372
20.799968,-18.400029,372
20.799966,-17.600047,372
20.799946,-16.79999,372
20.799981,-16.000071,372
20.799941,-15.199949,371
20.800087,-14.399939,371
20.799962,-13.599957,371
20.799983,-12.800055,371
20.800094,-11.999991,371
20.800026,-11.199994,371
20.799939,-10.400061,366
20.799902,-9.6000413,366
20.799986,-8.8000131,366
20.800084,-7.9999532,366
20.799943,-7.1999854,366
20.800074,-6.3999954,360
20.799947,-5.6000431,360
20.799964,-4.8000524,365
20.800011,-4.0000119,365
20.799985,-3.1999087,365
20.799938,-2.400013,362
20.79994,-1.5999812,362
20.799994,-0.80003619,362
20.800097,-1.0506296e-5,362
20.799906,0.79994325,362
20.79998,1.5999902,362
20.800004,2.3999881,359
20.80008,3.1999817,359
20.800028,3.9999765,359
20.799945,4.7999715,361
20.800026,5.6000897,361
20.800096,6.3999765,361
20.799961,7.2000559,361
20.799976,7.9999219,361
20.799945,8.7999962,361
20.800066,9.5999842,370
20.800025,10.400072,370
20.79991,11.20002,370
20.800007,11.99993,370
20.799963,12.800031,367
20.800047,13.600061,367
20.800091,14.400031,367
20.79992,15.200055,367
20.799953,16.000052,367
20.800009,16.800041,367
20.799999,17.59998,367
20.799924,18.399901,367
20.799964,19.199919,367
20.799935,20.000045,367
21.600001,-20.799939,372
21.600093,-19.999983,372
21.600085,-19.199929,372
21.600037,-18.400009,372
21.600058,-17.599978,372
21.599977,-16.800087,372
21.600005,-16.000069,372
21.599994,-15.200048,371
21.599981,-14.400027,371
21.599925,-13.599976,371
21.60004,-12.799942,371
21.599916,-12.000068,371
21.599995,-11.19998,371
21.600065,-10.399952,366
21.599964,-9.6000026,366
21.600078,-8.7999053,366
21.600021,-7.9999161,366
21.599961,-7.1999976,366
21.600024,-6.3999399,366
21.600045,-5.6000909,365
21.600017,-4.799937,365
21.599957,-3.9999943,365
21.600051,-3.1999736,365
21.599971,-2.4000179,362
21.599998,-1.5999626,362
21.600025,-0.79999528,362
21.599925,-2.035302e-6,362
21.599901,0.79998284,362
21.599915,1.6000586,368
21.599991,2.3999305,368
21.600023,3.1999451,368
21.600081,4.0000668,368
21.600023,4.7999873,368
21.600056,5.5999888,361
21.600023,6.4000948,361
21.599953,7.1999784,361
21.599987,7.9999556,361
21.599932,8.79997,370
21.599988,9.6000332,370
21.600019,10.400027,370
21.600068,11.199993,370
21.600083,12.000099,370
21.599984,12.800009,370
21.599916,13.600087,367
21.600057,14.400077,367
21.599906,15.200048,367
21.600033,16.000091,367
21.599979,16.799926,367
21.599953,17.600068,367
21.60008,18.400087,367
21.600042,19.200035,367
21.599939,20.000014,367
22.400035,-19.999938,372
22.399904,-19.199913,372
22.399941,-18.400049,372
22.400008,-17.600011,372
22.400074,-16.799947,372
22.400029,-16.000032,372
22.399927,-15.199939,371
22.400051,-14.399901,371
22.400001,-13.600022,371
22.400015,-12.800096,371
22.40007,-12.000061,371
22.400081,-11.200085,371
22.400026,-10.400035,366
22.399982,-9.6000084,366
22.399984,-8.8000944,366
22.400072,-8.0000878,366
22.400024,-7.1999086,366
22.400001,-6.4000448,366
22.399962,-5.6000093,365
22.399992,-4.8000518,365
22.399968,-4.0000505,365
22.399922,-3.1999965,365
22.400048,-2.3999454,365
22.399933,-1.5999614,362
22.400007,-0.80002372,362
22.399945,-5.6160396e-5,362
22.399963,0.79997862,362
22.399913,1.6,368
22.399995,2.4000752,368
22.399989,3.2000431,368
22.400082,3.9999283,368
22.400056,4.800004,368
22.400035,5.5999731,368
22.39992,6.3999469,361
22.399945,7.2000424,361
22.400011,8.0000607,370
22.400073,8.8000391,370
22.399952,9.599931,370
22.399972,10.400053,370
22.400089,11.200024,370
22.400031,12.000084,370
22.399915,12.799989,370
22.400062,13.599986,367
22.400022,14.399901,367
22.400084,15.200024,367
22.400092,15.999988,367
22.40009,16.799991,367
22.399982,17.599937,367
22.39993,18.399987,367
22.399951,19.19995,367
22.399994,19.999912,367
23.199949,-20.000029,372
23.20001,-19.199989,372
23.19994,-18.400042,372
23.200023,-17.600031,372
23.20001,-16.799965,372
23.199985,-16.000059,372
23.199971,-15.199986,371
23.200059,-14.4,371
23.199975,-13.599938,371
23.20002,-12.799947,371
23.200097,-12.000067,371
23.199935,-11.19993,371
23.200063,-10.399906,366
23.200044,-9.5999687,366
23.19997,-8.7999316,366
23.200048,-7.9999903,366
23.200005,-7.2000806,366
23.200061,-6.4000279,365
23.199965,-5.6000901,365
23.200075,-4.8000658,365
23.199951,-4.0000825,365
23.199934,-3.2000859,365
23.200082,-2.3999264,365
23.200014,-1.5999139,362
23.200083,-0.80000796,362
23.200052,-7.9629295e-5,362
23.199923,0.79991861,368
23.200059,1.6000206,368
23.199965,2.4000444,368
23.200008,3.2000932,368
23.199906,3.9999487,368
23.200084,4.7999835,368
23.199953,5.5999324,368
23.20002,6.400064,368
23.200086,7.1999942,370
23.199963,7.9999933,370
23.199959,8.7999138,370
23.200061,9.600009,370
23.199966,10.400032,370
23.200043,11.200043,370
23.200047,12.000086,370
23.199946,12.799922,370
23.200005,13.600009,367
23.200093,14.400052,367
23.199914,15.200066,367
23.200032,16.000077,367
23.199926,16.800095,367
23.199998,17.600077,367
23.199925,18.399934,367
23.200034,19.20007,367
23.200001,19.999985,367
23.999967,-18.399911,372
23.999926,-17.600064,372
23.999982,-16.79994,372
24.000045,-15.999915,372
24.000056,-15.200036,371
24.000043,-14.400067,371
24.0001,-13.600016,371
23.999969,-12.800085,371
24.000035,-11.999926,371
24.000091,-11.200096,371
23.999989,-10.400032,366
23.999923,-9.6000592,366
23.999965,-8.8000649,366
24.000057,-8.0000576,366
23.999985,-7.1999441,366
24.000043,-6.4000376,365
24.000027,-5.5999956,365
23.999991,-4.8000419,365
24.00003,-4.0000068,365
24.000025,-3.2000875,365
24.000037,-2.4000022,365
24.000042,-1.6000079,365
24.000084,-0.80009254,362
23.999931,-6.5587905e-5,368
24.000005,0.79999952,368
23.999967,1.6000829,368
23.999901,2.4000491,368
23.999907,3.20002,368
24.000001,3.9999665,368
24.000046,4.7999562,368
24.000056,5.600034,368
24.000042,6.400028,368
24.000066,7.2000978,370
24.000083,8.000009,370
23.999967,8.7999063,370
24.000078,9.6000207,370
24.000051,10.400022,370
24.00003,11.199973,370
24.000063,11.999918,370
23.999934,12.799901,370
23.999981,13.600048,370
23.999919,14.399905,367
24.000047,15.199967,367
23.99998,16.000031,367
23.99991,16.800006,367
23.999901,17.600009,367
24.000066,18.400052,367
23.999936,19.20004,367
24.000079,20.000074,367
24.799942,-8.8000399,366
24.799965,-8.0000363,366
24.799915,-7.1999295,366
24.799983,-6.4000247,365
24.799964,-5.6000555,365
24.799962,-4.8000725,365
24.80004,-3.9999036,365
24.799986,-3.2000632,365
24.799955,-2.3999943,365
24.800054,-1.6000367,365
24.799983,-0.80002988,368
24.799945,1.8497276e-5,368
24.799931,0.79999666,368
24.800071,1.6000375,368
24.799917,2.4000173,368
24.800097,3.1999948,368
24.800031,4.0000872,368
24.80001,4.8000527,368
24.799921,5.5999653,368
24.800057,6.4000787,368
24.800014,7.1999189,370
24.799987,8.0000948,370
24.800092,8.7999847,370
24.799945,9.6000309,370
24.800039,10.399972,370
24.800055,11.199912,370
24.799925,12.000015,370
24.80003,12.799956,370
24.799944,13.600064,370
24.799906,14.400019,367
24.799991,15.200094,367
24.799986,16.000032,367
24.799926,16.800047,367
24.799961,17.600056,367
24.800021,18.40006,367
24.799924,19.200013,367
24.8,20.000055,367
25.599973,4.5087028e-5,368
25.600055,0.80007144,368
25.60001,1.6000764,368
25.600024,2.3999688,368
25.599944,3.2000289,368
25.600009,4.00002,368
25.60005,4.8000571,368
25.600005,5.5999776,368
25.599929,6.4000351,368
25.600081,7.2000644,370
25.599981,7.9999028,370
25.600033,8.80001,370
25.600053,9.6000563,370
25.600088,10.399978,370
25.600065,11.199902,370
25.599982,11.999984,370
25.599926,12.799973,370
25.600027,13.600021,370
25.600072,14.400022,367
25.599934,15.199907,367
25.599972,16.000052,367
25.599912,16.80009,367
25.599951,17.599962,367
25.600065,18.399935,367
25.600048,19.20008,367
25.600094,19.999967,367
26.399939,8.8000989,370
26.399985,9.5999695,370
26.399939,10.400036,370
26.400057,11.199926,370
26.39997,12.000065,370
26.400017,12.800034,370
